time,.x,.y,.theta
1970/01/01/07:24:53.708000,-1.90696238759,3.19565650893,-0.000482864163809
1970/01/01/07:24:53.756000,-1.90696242718,3.19565651613,-0.000482864168525
1970/01/01/07:24:53.806000,-1.90696246686,3.19565652333,-0.000482864175358
1970/01/01/07:24:53.856000,-1.90696250662,3.19565653052,-0.000482864184414
1970/01/01/07:24:53.906000,-1.90696254647,3.19565653771,-0.00048286419559
1970/01/01/07:24:53.956000,-1.90696258641,3.1956565449,-0.000482864208987
1970/01/01/07:24:54.006000,-1.90696262643,3.19565655209,-0.000482864224502
1970/01/01/07:24:54.056000,-1.90696266654,3.19565655927,-0.000482864242248
1970/01/01/07:24:54.106000,-1.90696270673,3.19565656645,-0.000482864262076
1970/01/01/07:24:54.156000,-1.90696274701,3.19565657362,-0.000482864284145
1970/01/01/07:24:54.206000,-1.90696278737,3.1956565808,-0.000482864308315
1970/01/01/07:24:54.257000,-1.90696282782,3.19565658797,-0.000482864334683
1970/01/01/07:24:54.306000,-1.90696286835,3.19565659513,-0.000482864363165
1970/01/01/07:24:54.355000,-1.90696290897,3.1956566023,-0.000482864393841
1970/01/01/07:24:54.406000,-1.90696294967,3.19565660946,-0.000482864426612
1970/01/01/07:24:54.456000,-1.90696299046,3.19565661661,-0.000482864461576
1970/01/01/07:24:54.506000,-1.90696303134,3.19565662377,-0.00048286449863
1970/01/01/07:24:54.556000,-1.9069630723,3.19565663092,-0.000482864537891
1970/01/01/07:24:54.606000,-1.90696311334,3.19565663807,-0.000482864579258
1970/01/01/07:24:54.656000,-1.90696315447,3.19565664521,-0.000482864622782
1970/01/01/07:24:54.706000,-1.90696319568,3.19565665235,-0.000482864668412
1970/01/01/07:24:54.756000,-1.90696323698,3.19565665949,-0.00048286471621
1970/01/01/07:24:54.806000,-1.90696327837,3.19565666663,-0.000482864766096
1970/01/01/07:24:54.856000,-1.90696331983,3.19565667376,-0.000482864818171
1970/01/01/07:24:54.906000,-1.90696336139,3.19565668089,-0.00048286487233
1970/01/01/07:24:54.956000,-1.90696340302,3.19565668801,-0.000482864928638
1970/01/01/07:24:55.006000,-1.90696344475,3.19565669514,-0.00048286498702
1970/01/01/07:24:55.055000,-1.90696348655,3.19565670226,-0.000482865047585
1970/01/01/07:24:55.107000,-1.90696352844,3.19565670937,-0.0004828651102
1970/01/01/07:24:55.156000,-1.90696357042,3.19565671649,-0.000482865175004
1970/01/01/07:24:55.206000,-1.90696361248,3.1956567236,-0.000482865241875
1970/01/01/07:24:55.256000,-1.90696365462,3.19565673071,-0.000482865310874
1970/01/01/07:24:55.305000,-1.90696369685,3.19565673781,-0.000482865381941
1970/01/01/07:24:55.356000,-1.90696373916,3.19565674491,-0.000482865455181
1970/01/01/07:24:55.406000,-1.90696378156,3.19565675201,-0.000482865530463
1970/01/01/07:24:55.456000,-1.90696382404,3.19565675911,-0.0004828656079
1970/01/01/07:24:55.506000,-1.9069638666,3.1956567662,-0.000482865687403
1970/01/01/07:24:55.556000,-1.90696390925,3.19565677329,-0.000482865769033
1970/01/01/07:24:55.606000,-1.90696395198,3.19565678037,-0.000482865852722
1970/01/01/07:24:55.656000,-1.9069639948,3.19565678746,-0.000482865938534
1970/01/01/07:24:55.706000,-1.9069640377,3.19565679454,-0.000482866026408
1970/01/01/07:24:55.756000,-1.90696408068,3.19565680161,-0.000482866116407
1970/01/01/07:24:55.806000,-1.90696412375,3.19565680869,-0.000482866208443
1970/01/01/07:24:55.856000,-1.9069641669,3.19565681576,-0.000482866302632
1970/01/01/07:24:55.956000,-1.90696421013,3.19565682283,-0.000482866398843
1970/01/01/07:24:56.006000,-1.90696425345,3.19565682989,-0.000482866497177
1970/01/01/07:24:56.056000,-1.90696429685,3.19565683695,-0.000482866597539
1970/01/01/07:24:56.106000,-1.90696434034,3.19565684401,-0.000482866700044
1970/01/01/07:24:56.155000,-1.90696438391,3.19565685107,-0.000482866804579
1970/01/01/07:24:56.206000,-1.90696442756,3.19565685812,-0.000482866911203
1970/01/01/07:24:56.256000,-1.90696447129,3.19565686517,-0.000482867019865
1970/01/01/07:24:56.306000,-1.90696451511,3.19565687222,-0.00048286713063
1970/01/01/07:24:56.356000,-1.90696455901,3.19565687926,-0.000482867243432
1970/01/01/07:24:56.406000,-1.90696460299,3.1956568863,-0.000482867358335
1970/01/01/07:24:56.456000,-1.90696464706,3.19565689334,-0.000482867475267
1970/01/01/07:24:56.506000,-1.90696469121,3.19565690037,-0.00048286759427
1970/01/01/07:24:56.557000,-1.90696473544,3.1956569074,-0.000482867715312
1970/01/01/07:24:56.605000,-1.90696477976,3.19565691443,-0.000482867838449
1970/01/01/07:24:56.656000,-1.90696482416,3.19565692146,-0.000482867963603
1970/01/01/07:24:56.705000,-1.90696486864,3.19565692848,-0.000482868090829
1970/01/01/07:24:56.756000,-1.9069649132,3.1956569355,-0.000482868220068
1970/01/01/07:24:56.806000,-1.90696495785,3.19565694251,-0.0004828683514
1970/01/01/07:24:56.856000,-1.90696500258,3.19565694953,-0.000482868484719
1970/01/01/07:24:56.906000,-1.90696504739,3.19565695654,-0.000482868620142
1970/01/01/07:24:56.956000,-1.90696509228,3.19565696354,-0.00048286875756
1970/01/01/07:24:57.006000,-1.90696513726,3.19565697055,-0.00048286889705
1970/01/01/07:24:57.055000,-1.90699768186,3.19565694234,-0.000482871897192
1970/01/01/07:24:57.106000,-1.90738906931,3.19565621378,-0.000482785829669
1970/01/01/07:24:57.156000,-1.90812095811,3.19565565782,-0.000482695401721
1970/01/01/07:24:57.205000,-1.90920994658,3.19565527863,-0.000482606545902
1970/01/01/07:24:57.256000,-1.91063633201,3.19565506687,-0.00048251963388
1970/01/01/07:24:57.306000,-1.91239551131,3.19565502184,-0.000482435125558
1970/01/01/07:24:57.356000,-1.91448368401,3.19565514324,-0.000482353473311
1970/01/01/07:24:57.406000,-1.91688069848,3.19565542287,-0.000482275107325
1970/01/01/07:24:57.456000,-1.91958390126,3.19565586094,-0.000482200424622
1970/01/01/07:24:57.506000,-1.92258608976,3.19565645545,-0.000482129804171
1970/01/01/07:24:57.556000,-1.92587916278,3.195657204,-0.000482063608068
1970/01/01/07:24:57.606000,-1.92944781811,3.19565810071,-0.000482002160344
1970/01/01/07:24:57.656000,-1.93328905452,3.19565914558,-0.000481945765908
1970/01/01/07:24:57.706000,-1.93739387003,3.19566033577,-0.000481894707725
1970/01/01/07:24:57.757000,-1.94175826361,3.19566167083,-0.000481849243983
1970/01/01/07:24:57.806000,-1.94637373228,3.19566314818,-0.000481809620502
1970/01/01/07:24:57.856000,-1.95122237412,3.19566476072,-0.00048177604006
1970/01/01/07:24:57.906000,-1.95631103815,3.1956665132,-0.000481748693409
1970/01/01/07:24:57.957000,-1.96162847156,3.19566840175,-0.000481727754926
1970/01/01/07:24:58.006000,-1.9671736087,3.19567041035,-0.0004817098086
1970/01/01/07:24:58.056000,-1.97292982765,3.19567250753,-0.000481688620725
1970/01/01/07:24:58.106000,-1.97889915475,3.19567472338,-0.000481662610331
1970/01/01/07:24:58.156000,-1.98506794306,3.19567706032,-0.000481631365251
1970/01/01/07:24:58.206000,-1.99143523113,3.19567956128,-0.000481595612159
1970/01/01/07:24:58.256000,-1.99799518699,3.19568225982,-0.000481554824469
1970/01/01/07:24:58.306000,-2.00474160244,3.19568516916,-0.000481510556817
1970/01/01/07:24:58.356000,-2.01167091526,3.19568822337,-0.00048146372173
1970/01/01/07:24:58.456000,-2.01877529319,3.1956913366,-0.000481415020006
1970/01/01/07:24:58.506000,-2.02605134497,3.1956944912,-0.000481356570442
1970/01/01/07:24:58.555000,-2.03349574747,3.1956977994,-0.000481209109552
1970/01/01/07:24:58.606000,-2.04110178152,3.19570126289,-0.00048097812418
1970/01/01/07:24:58.656000,-2.0490055367,3.19570494576,-0.00048067047142
1970/01/01/07:24:58.706000,-2.05710910845,3.19570877551,-0.000480310573347
1970/01/01/07:24:58.756000,-2.06536663978,3.19571269991,-0.000479925961188
1970/01/01/07:24:58.806000,-2.07377127629,3.19571668778,-0.000479541913109
1970/01/01/07:24:58.856000,-2.08231721713,3.19572073773,-0.000479158274646
1970/01/01/07:24:58.906000,-2.09100176071,3.19572484885,-0.000478774829037
1970/01/01/07:24:58.956000,-2.09981441009,3.19572901729,-0.000478391784537
1970/01/01/07:24:59.007000,-2.1087547569,3.19573324269,-0.000478008853104
1970/01/01/07:24:59.056000,-2.11782255756,3.19573752524,-0.000477626217427
1970/01/01/07:24:59.106000,-2.12700795599,3.19574186064,-0.000477244040257
1970/01/01/07:24:59.156000,-2.13630585426,3.19574624598,-0.000476862125098
1970/01/01/07:24:59.206000,-2.14572535716,3.19575068547,-0.000476479851564
1970/01/01/07:24:59.256000,-2.15525120813,3.19575517166,-0.000476097340652
1970/01/01/07:24:59.306000,-2.16488355689,3.19575970441,-0.000475714782407
1970/01/01/07:24:59.356000,-2.17461975626,3.19576413647,-0.000475335674831
1970/01/01/07:24:59.406000,-2.18445695954,3.19576620984,-0.000474956618874
1970/01/01/07:24:59.456000,-2.19439011452,3.19576832397,-0.000474576465509
1970/01/01/07:24:59.506000,-2.20441581587,3.1957704792,-0.00047419701045
1970/01/01/07:24:59.555000,-2.2145431221,3.19577268082,-0.000473819316523
1970/01/01/07:24:59.606000,-2.22475762469,3.19577492,-0.00047344184163
1970/01/01/07:24:59.656000,-2.23505497547,3.19577719542,-0.000473064889996
1970/01/01/07:24:59.706000,-2.24544242694,3.19577950392,-0.000472683270303
1970/01/01/07:24:59.756000,-2.25590583002,3.19578184748,-0.000472304304098
1970/01/01/07:24:59.806000,-2.26644518036,3.19578422316,-0.000471925530985
1970/01/01/07:24:59.856000,-2.27706398287,3.19578662995,-0.000471544785509
1970/01/01/07:24:59.906000,-2.28776423775,3.19578907251,-0.000471165260844
1970/01/01/07:24:59.956000,-2.29853049126,3.19579154144,-0.000470785574036
1970/01/01/07:25:00.006000,-2.30936794138,3.19579403857,-0.000470405763098
1970/01/01/07:25:00.056000,-2.32027469221,3.19579656915,-0.000470028934648
1970/01/01/07:25:00.106000,-2.33125064368,3.19579912678,-0.000469650864585
1970/01/01/07:25:00.156000,-2.34229089495,3.19580170573,-0.000469269824839
1970/01/01/07:25:00.206000,-2.35339374645,3.19580431107,-0.000468891510182
1970/01/01/07:25:00.257000,-2.36455329796,3.19580694097,-0.000468512609041
1970/01/01/07:25:00.306000,-2.37577150073,3.19580959415,-0.000468134607505
1970/01/01/07:25:00.355000,-2.38705295469,3.1958122712,-0.000467755374754
1970/01/01/07:25:00.405000,-2.39839100872,3.19581497032,-0.000467375968382
1970/01/01/07:25:00.456000,-2.40978066344,3.19581769018,-0.00046699806474
1970/01/01/07:25:00.506000,-2.42122256767,3.19582042484,-0.000466620066486
1970/01/01/07:25:00.556000,-2.43253126972,3.19582309773,-0.000466241225418
1970/01/01/07:25:00.605000,-2.44355612103,3.19582563609,-0.000465864177352
1970/01/01/07:25:00.656000,-2.45427887293,3.19582802774,-0.000465485103255
1970/01/01/07:25:00.706000,-2.46470107731,3.1958302762,-0.000465106069824
1970/01/01/07:25:00.756000,-2.47483823251,3.19583238896,-0.000464727742415
1970/01/01/07:25:00.806000,-2.48470388719,3.19583436736,-0.000464345606716
1970/01/01/07:25:00.856000,-2.49428559117,3.1958362169,-0.000463969453311
1970/01/01/07:25:00.906000,-2.50360199243,3.19583793683,-0.000463590761211
1970/01/01/07:25:00.957000,-2.51265434523,3.19583953153,-0.000463212549747
1970/01/01/07:25:01.056000,-2.52145965049,3.19584100769,-0.000462833921975
1970/01/01/07:25:01.106000,-2.53002090648,3.19584237088,-0.000462457986096
1970/01/01/07:25:01.156000,-2.53833960866,3.19584361921,-0.000462082692724
1970/01/01/07:25:01.206000,-2.54660370966,3.19584483542,-0.000461704133172
1970/01/01/07:25:01.256000,-2.55468740992,3.19584596891,-0.000461328751664
1970/01/01/07:25:01.306000,-2.56255711285,3.19584711989,-0.0004610536617
1970/01/01/07:25:01.356000,-2.5702016152,3.19584829439,-0.000460887600614
1970/01/01/07:25:01.406000,-2.57763446617,3.19584937884,-0.000460729104694
1970/01/01/07:25:01.456000,-2.58485592131,3.19585037803,-0.000460582149958
1970/01/01/07:25:01.506000,-2.59187522701,3.19585138622,-0.00046052216229
1970/01/01/07:25:01.556000,-2.59868828091,3.19585240963,-0.000460555424373
1970/01/01/07:25:01.606000,-2.60530853378,3.19585334156,-0.000460586649817
1970/01/01/07:25:01.656000,-2.61174249029,3.19585179884,-0.000460624955479
1970/01/01/07:25:01.707000,-2.61799049171,3.19585002264,-0.000460664919516
1970/01/01/07:25:01.756000,-2.62406169525,3.19584816589,-0.000460705511088
1970/01/01/07:25:01.806000,-2.62996130121,3.19584622845,-0.000460744745561
1970/01/01/07:25:01.856000,-2.63569460444,3.19584421645,-0.00046078508227
1970/01/01/07:25:01.906000,-2.64126440824,3.19584227904,-0.000460825563473
1970/01/01/07:25:01.956000,-2.64667601172,3.19584266621,-0.000460865489758
1970/01/01/07:25:02.006000,-2.65193186237,3.19584298143,-0.000460905066363
1970/01/01/07:25:02.056000,-2.6570454662,3.19584323146,-0.000460944532306
1970/01/01/07:25:02.106000,-2.66201137128,3.19584341457,-0.000460984744941
1970/01/01/07:25:02.156000,-2.66678450123,3.19579070926,-0.000461025326688
1970/01/01/07:25:02.206000,-2.67107723589,3.19539413075,-0.000461065859916
1970/01/01/07:25:02.256000,-2.67489222963,3.19465153091,-0.000461106321951
1970/01/01/07:25:02.306000,-2.67823268475,3.19356291333,-0.000461146772388
1970/01/01/07:25:02.356000,-2.68110569722,3.19213068136,-0.000461187322461
1970/01/01/07:25:02.406000,-2.68352451611,3.19036479118,-0.000461227948657
1970/01/01/07:25:02.456000,-2.68549483576,3.18826779533,-0.000461268580497
1970/01/01/07:25:02.506000,-2.68704454868,3.18586100427,-0.000461309225816
1970/01/01/07:25:02.556000,-2.68805350864,3.18302886323,-0.000461349904022
1970/01/01/07:25:02.606000,-2.68855775214,3.17979614043,-0.000461390606428
1970/01/01/07:25:02.656000,-2.6888948264,3.17650093963,-0.000461431340509
1970/01/01/07:25:02.706000,-2.68885102806,3.17292691048,-0.000461472041605
1970/01/01/07:25:02.756000,-2.68844584942,3.16909036457,-0.000461513051493
1970/01/01/07:25:02.806000,-2.68767719411,3.16498705591,-0.000461554619822
1970/01/01/07:25:02.856000,-2.68655766052,3.16062439182,-0.000461596938217
1970/01/01/07:25:02.906000,-2.68509624596,3.15600987942,-0.000461640212221
1970/01/01/07:25:02.956000,-2.68330344774,3.15115407252,-0.000461684722469
1970/01/01/07:25:03.006000,-2.68119446414,3.14606728059,-0.000461730762494
1970/01/01/07:25:03.056000,-2.67877359463,3.14075155631,-0.000461778612863
1970/01/01/07:25:03.106000,-2.67605008855,3.13521220274,-0.000461828544939
1970/01/01/07:25:03.156000,-2.67302629745,3.1294518219,-0.000461880821521
1970/01/01/07:25:03.206000,-2.66971846614,3.12348222432,-0.000461935691918
1970/01/01/07:25:03.256000,-2.66613414396,3.1173113147,-0.000461993392601
1970/01/01/07:25:03.306000,-2.66227903096,3.11094014824,-0.000462054143757
1970/01/01/07:25:03.359000,-2.65815902906,3.1043730745,-0.00046211815526
1970/01/01/07:25:03.405000,-2.65378903045,3.09762435232,-0.000462185618559
1970/01/01/07:25:03.456000,-2.64917303263,3.09069703751,-0.000462256705792
1970/01/01/07:25:03.506000,-2.64431539017,3.08359198144,-0.000462331574957
1970/01/01/07:25:03.606000,-2.63922585098,3.07631543715,-0.000462410364935
1970/01/01/07:25:03.656000,-2.63390946321,3.06887350986,-0.000462493194075
1970/01/01/07:25:03.706000,-2.62837267529,3.06126960004,-0.00046258016119
1970/01/01/07:25:03.756000,-2.62252210084,3.0533659165,-0.000462671358446
1970/01/01/07:25:03.806000,-2.61642784566,3.04526234598,-0.000462766878142
1970/01/01/07:25:03.856000,-2.61012459087,3.03700474867,-0.000462866755229
1970/01/01/07:25:03.906000,-2.60361763093,3.02859788127,-0.000462970994544
1970/01/01/07:25:03.956000,-2.59691871906,3.02004919941,-0.000463079572261
1970/01/01/07:25:04.006000,-2.59003229885,3.01136665622,-0.000463192434174
1970/01/01/07:25:04.057000,-2.5829632692,3.00255370482,-0.000463309496261
1970/01/01/07:25:04.106000,-2.57571693039,2.9936129956,-0.000463430642603
1970/01/01/07:25:04.156000,-2.56829858162,2.98454953171,-0.000463555723885
1970/01/01/07:25:04.206000,-2.56071352414,2.97536381586,-0.000463684555604
1970/01/01/07:25:04.256000,-2.55296460384,2.96606075036,-0.000463816916305
1970/01/01/07:25:04.306000,-2.54505901854,2.95664358969,-0.000463952564572
1970/01/01/07:25:04.356000,-2.53700021922,2.94711963279,-0.000464091088971
1970/01/01/07:25:04.406000,-2.52879342457,2.93748664386,-0.000464228725377
1970/01/01/07:25:04.456000,-2.52044144053,2.9277499323,-0.000464361463566
1970/01/01/07:25:04.506000,-2.511949585,2.9179144313,-0.000464502049978
1970/01/01/07:25:04.556000,-2.50332289835,2.90798038575,-0.000464652938025
1970/01/01/07:25:04.606000,-2.49456462679,2.89795044728,-0.000464813596898
1970/01/01/07:25:04.655000,-2.48563514957,2.88778140951,-0.000464983938841
1970/01/01/07:25:04.706000,-2.47634211757,2.87728669638,-0.000465164544557
1970/01/01/07:25:04.756000,-2.46721329966,2.86699016533,-0.000465354385245
1970/01/01/07:25:04.806000,-2.45796439568,2.85660735729,-0.000465553478486
1970/01/01/07:25:04.856000,-2.44860768232,2.84614725734,-0.000465762123679
1970/01/01/07:25:04.906000,-2.43914479223,2.83561210186,-0.000465980678299
1970/01/01/07:25:04.956000,-2.42957166213,2.82499717632,-0.000466207649796
1970/01/01/07:25:05.005000,-2.419899343,2.81431229395,-0.000466442465424
1970/01/01/07:25:05.056000,-2.41012674649,2.80355676469,-0.000466678868507
1970/01/01/07:25:05.106000,-2.40025342391,2.79272723544,-0.000466913110226
1970/01/01/07:25:05.157000,-2.39028090014,2.78182618241,-0.000467146587286
1970/01/01/07:25:05.206000,-2.38021977356,2.77086202224,-0.000467381302545
1970/01/01/07:25:05.256000,-2.370070345,2.759834367,-0.000467618959383
1970/01/01/07:25:05.305000,-2.35983314635,2.74874548684,-0.000467842752067
1970/01/01/07:25:05.356000,-2.34951383879,2.73759679745,-0.000468046855103
1970/01/01/07:25:05.405000,-2.33911490124,2.72639143333,-0.000468221650229
1970/01/01/07:25:05.456000,-2.32863776539,2.715131535,-0.000468353731432
1970/01/01/07:25:05.506000,-2.31808094155,2.70381310654,-0.000468425855896
1970/01/01/07:25:05.556000,-2.3074534206,2.69244435159,-0.000468413904708
1970/01/01/07:25:05.607000,-2.296761931,2.68103241302,-0.000468285872325
1970/01/01/07:25:05.656000,-2.28600592871,2.66957675224,-0.000467999809308
1970/01/01/07:25:05.706000,-2.27519096197,2.65808152206,-0.000467503787104
1970/01/01/07:25:05.756000,-2.26432174066,2.64655209879,-0.000466721869777
1970/01/01/07:25:05.806000,-2.25340702282,2.63499463013,-0.000465541039528
1970/01/01/07:25:05.856000,-2.24245238007,2.62341446377,-0.000463839598273
1970/01/01/07:25:05.906000,-2.23146610726,2.6118193622,-0.000461491464741
1970/01/01/07:25:05.956000,-2.22045068081,2.60021747227,-0.000463280395232
1970/01/01/07:25:06.007000,-2.20916177752,2.58838308306,-0.000487164459068
1970/01/01/07:25:06.056000,-2.19793945719,2.57665636272,-0.000533351975046
1970/01/01/07:25:06.156000,-2.18677441466,2.56501984929,-0.000593827118386
1970/01/01/07:25:06.206000,-2.17557379302,2.55336754748,-0.000660533988811
1970/01/01/07:25:06.256000,-2.16435092566,2.54170197511,-0.000727704932431
1970/01/01/07:25:06.306000,-2.1529078995,2.52980768963,-0.000788585083108
1970/01/01/07:25:06.356000,-2.14137941183,2.51785284173,-0.000813689984085
1970/01/01/07:25:06.406000,-2.1300632099,2.50588207357,-0.000761058709337
1970/01/01/07:25:06.456000,-2.11900829265,2.49386233128,-0.00065988475099
1970/01/01/07:25:06.505000,-2.10821880006,2.48179352256,-0.000541452942465
1970/01/01/07:25:06.556000,-2.09769660706,2.4696766816,-0.000414641445213
1970/01/01/07:25:06.605000,-2.0874505605,2.45751217447,-0.000286296572116
1970/01/01/07:25:06.656000,-2.07747979909,2.44529776068,-0.000162116894628
1970/01/01/07:25:06.706000,-2.06777920666,2.43302543112,-4.67537021162e-05
1970/01/01/07:25:06.756000,-2.05834232385,2.42070587646,5.61470672057e-05
1970/01/01/07:25:06.806000,-2.04916213452,2.40833272689,0.000143855361912
1970/01/01/07:25:06.856000,-2.04023384044,2.39590617766,0.000214492548239
1970/01/01/07:25:06.906000,-2.0315548664,2.38342451874,0.000266926141208
1970/01/01/07:25:06.956000,-2.0231152183,2.37088775041,0.000300509929854
1970/01/01/07:25:07.006000,-2.01490964565,2.35829789625,0.000315159608982
1970/01/01/07:25:07.056000,-2.00692613344,2.34565655274,0.000312153262638
1970/01/01/07:25:07.106000,-1.9991488341,2.33296885826,0.000303430277188
1970/01/01/07:25:07.156000,-1.99157324923,2.32024227068,0.000294673896798
1970/01/01/07:25:07.206000,-1.98419613933,2.30748541297,0.000285493164955
1970/01/01/07:25:07.256000,-1.97701891943,2.29469895757,0.000275530176371
1970/01/01/07:25:07.306000,-1.97003008758,2.28188595784,0.000264420579677
1970/01/01/07:25:07.356000,-1.96322820964,2.26904212682,0.000251775046655
1970/01/01/07:25:07.405000,-1.95661147414,2.25618250727,0.000237164275457
1970/01/01/07:25:07.456000,-1.95017579779,2.24331058345,0.000220092746239
1970/01/01/07:25:07.506000,-1.94391700562,2.23042274094,0.000199984637394
1970/01/01/07:25:07.556000,-1.93783088363,2.21752251076,0.000176165196836
1970/01/01/07:25:07.606000,-1.93191640304,2.2046076546,0.000147841348584
1970/01/01/07:25:07.656000,-1.9261637594,2.19168143974,0.000114080160137
1970/01/01/07:25:07.706000,-1.92057685117,2.17874181564,7.37848652096e-05
1970/01/01/07:25:07.756000,-1.91514550336,2.16590773779,2.56744656592e-05
1970/01/01/07:25:07.806000,-1.90987161262,2.15341767308,-3.17332509551e-05
1970/01/01/07:25:07.856000,-1.90474655555,2.1412609757,-0.000100136861934
1970/01/01/07:25:07.906000,-1.89976926186,2.12943852927,-0.000181442917163
1970/01/01/07:25:07.955000,-1.89494193303,2.11795812653,-0.000277718996572
1970/01/01/07:25:08.006000,-1.8902586568,2.10680564076,-0.000390900308841
1970/01/01/07:25:08.056000,-1.8857091608,2.095972325,-0.000514932676016
1970/01/01/07:25:08.106000,-1.88128462084,2.08544642949,-0.000643381721502
1970/01/01/07:25:08.156000,-1.87698127701,2.07521718673,-0.000774426396194
1970/01/01/07:25:08.206000,-1.87279767133,2.06528087817,-0.000906684267771
1970/01/01/07:25:08.256000,-1.86872663292,2.05561808477,-0.00103927295153
1970/01/01/07:25:08.306000,-1.86476676087,2.0462254985,-0.00117162986513
1970/01/01/07:25:08.356000,-1.86091761164,2.03709860959,-0.00130336602079
1970/01/01/07:25:08.406000,-1.85717251926,2.0282208569,-0.00143428724051
1970/01/01/07:25:08.456000,-1.85352941262,2.01959009131,-0.00156420024594
1970/01/01/07:25:08.506000,-1.84998635457,2.0111982059,-0.00169294630515
1970/01/01/07:25:08.555000,-1.84653819646,2.00303437201,-0.00182043371375
1970/01/01/07:25:08.606000,-1.84318680528,1.99510033027,-0.0019464941799
1970/01/01/07:25:08.706000,-1.83992681296,1.98738537797,-0.00207107189945
1970/01/01/07:25:08.756000,-1.83675834886,1.97988823797,-0.00219405701696
1970/01/01/07:25:08.806000,-1.83367422874,1.97259343704,-0.00231544910335
1970/01/01/07:25:08.856000,-1.83061171381,1.96534878329,-0.0024360327428
1970/01/01/07:25:08.906000,-1.82761285298,1.95825317845,-0.00255523668626
1970/01/01/07:25:08.956000,-1.82469622138,1.95135636966,-0.00267269725331
1970/01/01/07:25:09.006000,-1.82185757717,1.9446454824,-0.00278838315008
1970/01/01/07:25:09.056000,-1.8190999188,1.93812677815,-0.00290218159049
1970/01/01/07:25:09.106000,-1.81641954091,1.93178995818,-0.00301407879421
1970/01/01/07:25:09.156000,-1.81381380078,1.92563156041,-0.00312407531365
1970/01/01/07:25:09.206000,-1.81128142693,1.91965236224,-0.00323218238587
1970/01/01/07:25:09.256000,-1.8088193798,1.91383821743,-0.00333841562987
1970/01/01/07:25:09.306000,-1.80642665301,1.90818695245,-0.00344274611501
1970/01/01/07:25:09.356000,-1.80410061297,1.90269567772,-0.00354517395276
1970/01/01/07:25:09.406000,-1.80183985626,1.89735966632,-0.00364566811603
1970/01/01/07:25:09.456000,-1.79964298855,1.89217554691,-0.00374424755188
1970/01/01/07:25:09.506000,-1.79750738861,1.88713556415,-0.00384094166186
1970/01/01/07:25:09.556000,-1.79543169676,1.88223957131,-0.00393574988011
1970/01/01/07:25:09.606000,-1.79341346198,1.87747719845,-0.0040287216993
1970/01/01/07:25:09.656000,-1.79145118,1.87284846048,-0.00411987452134
1970/01/01/07:25:09.706000,-1.78958154269,1.86835059729,-0.0042087425006
1970/01/01/07:25:09.756000,-1.7881037307,1.86397978782,-0.00429156319229
1970/01/01/07:25:09.806000,-1.78701731882,1.85973191369,-0.00436860044149
1970/01/01/07:25:09.856000,-1.78632010621,1.85560599859,-0.00444014555493
1970/01/01/07:25:09.906000,-1.78601010862,1.85159596582,-0.00450649336258
1970/01/01/07:25:09.956000,-1.78607780243,1.84770169621,-0.00456802111911
1970/01/01/07:25:10.006000,-1.78651403997,1.84392086091,-0.00462532817409
1970/01/01/07:25:10.056000,-1.7873021125,1.84025011458,-0.0046800962003
1970/01/01/07:25:10.106000,-1.78844113585,1.83669017626,-0.0047334875934
1970/01/01/07:25:10.156000,-1.78990735355,1.83323577434,-0.00478693691717
1970/01/01/07:25:10.206000,-1.79170038869,1.82988674998,-0.00484153042436
1970/01/01/07:25:10.256000,-1.793810605,1.82664080013,-0.00489847367554
1970/01/01/07:25:10.305000,-1.79622925646,1.8234982826,-0.00495893028674
1970/01/01/07:25:10.356000,-1.79894688273,1.82045659415,-0.00502388387187
1970/01/01/07:25:10.406000,-1.80195566394,1.81751315576,-0.00509403261765
1970/01/01/07:25:10.456000,-1.80524686473,1.81466592147,-0.0051695508558
1970/01/01/07:25:10.505000,-1.80881738444,1.81191189878,-0.0052501366183
1970/01/01/07:25:10.556000,-1.81264921852,1.80924639515,-0.00533580428629
1970/01/01/07:25:10.606000,-1.81674061157,1.80666846022,-0.00542632738575
1970/01/01/07:25:10.656000,-1.82108539191,1.80417433304,-0.00552060796807
1970/01/01/07:25:10.706000,-1.82567578137,1.80175808981,-0.00561497578371
1970/01/01/07:25:10.756000,-1.83050527008,1.79940987155,-0.00570476343556
1970/01/01/07:25:10.806000,-1.83556463776,1.79712339502,-0.00578687552741
1970/01/01/07:25:10.856000,-1.84084768118,1.79489440248,-0.00585898153127
1970/01/01/07:25:10.906000,-1.8463502773,1.7927192267,-0.00591900391749
1970/01/01/07:25:10.956000,-1.8520656543,1.79059401525,-0.00596511886124
1970/01/01/07:25:11.006000,-1.85799311804,1.78851514149,-0.00599561899753
1970/01/01/07:25:11.056000,-1.86411723253,1.78647750117,-0.00600928427814
1970/01/01/07:25:11.106000,-1.8704372966,1.7844790328,-0.00600681179732
1970/01/01/07:25:11.156000,-1.8769630684,1.78252148715,-0.005999579024
1970/01/01/07:25:11.256000,-1.88368413818,1.78060554816,-0.00599163645771
1970/01/01/07:25:11.306000,-1.8905967795,1.77873430621,-0.00598274922212
1970/01/01/07:25:11.356000,-1.89781086484,1.77687230502,-0.0059726874979
1970/01/01/07:25:11.406000,-1.90525353259,1.77504550354,-0.0059612068588
1970/01/01/07:25:11.456000,-1.91287205179,1.77326568459,-0.00594803861973
1970/01/01/07:25:11.506000,-1.92066399305,1.77153408815,-0.00593288241694
1970/01/01/07:25:11.556000,-1.92861266531,1.76984740252,-0.00591539553288
1970/01/01/07:25:11.606000,-1.93671421456,1.76820891501,-0.00589518806939
1970/01/01/07:25:11.656000,-1.94496487669,1.76661530482,-0.00587181579513
1970/01/01/07:25:11.706000,-1.95336181963,1.76506953436,-0.00584477231258
1970/01/01/07:25:11.756000,-1.96189590473,1.76356841288,-0.00581348254632
1970/01/01/07:25:11.806000,-1.97056422281,1.76211078339,-0.00577729416451
1970/01/01/07:25:11.856000,-1.97936079127,1.76069698252,-0.00573547660803
1970/01/01/07:25:11.906000,-1.98827961434,1.75932516384,-0.0056872124819
1970/01/01/07:25:11.956000,-1.9973172568,1.75799506202,-0.00563159919935
1970/01/01/07:25:12.006000,-2.00647259808,1.7567087836,-0.00556767022527
1970/01/01/07:25:12.056000,-2.01574202895,1.75546441886,-0.00549441326739
1970/01/01/07:25:12.105000,-2.02511985073,1.75426166571,-0.00541082363401
1970/01/01/07:25:12.156000,-2.0346025122,1.75309862445,-0.00531596616552
1970/01/01/07:25:12.206000,-2.04418437415,1.75197545513,-0.00520909347828
1970/01/01/07:25:12.256000,-2.05386327894,1.75089005349,-0.00508976680542
1970/01/01/07:25:12.306000,-2.0636395109,1.74984177349,-0.00495805229125
1970/01/01/07:25:12.356000,-2.07350186157,1.74883094876,-0.00481467463283
1970/01/01/07:25:12.406000,-2.08345324572,1.74785394857,-0.00466116337085
1970/01/01/07:25:12.456000,-2.09349267606,1.74690947958,-0.00449990064368
1970/01/01/07:25:12.506000,-2.10362173513,1.74599533923,-0.00433404242194
1970/01/01/07:25:12.556000,-2.1138421179,1.74510746524,-0.0041672710231
1970/01/01/07:25:12.606000,-2.12414445181,1.74424171726,-0.00400344939211
1970/01/01/07:25:12.656000,-2.13452763109,1.7433981578,-0.00384627370274
1970/01/01/07:25:12.706000,-2.14499602902,1.74257369766,-0.0036989337764
1970/01/01/07:25:12.756000,-2.15554785894,1.74176761897,-0.00356399107469
1970/01/01/07:25:12.806000,-2.16618083848,1.74097887165,-0.003443322679
1970/01/01/07:25:12.856000,-2.17689220401,1.7402058387,-0.00333833522402
1970/01/01/07:25:12.906000,-2.18767977364,1.73944929041,-0.00324977349203
1970/01/01/07:25:12.956000,-2.19854277387,1.7387102684,-0.00317810875869
1970/01/01/07:25:13.006000,-2.20947495153,1.73798996043,-0.00312370565441
1970/01/01/07:25:13.056000,-2.22046958773,1.73728972443,-0.00308686586299
1970/01/01/07:25:13.106000,-2.23152842958,1.73660988632,-0.00306790805603
1970/01/01/07:25:13.156000,-2.24264894184,1.73595084555,-0.00306717745466
1970/01/01/07:25:13.206000,-2.25382474715,1.7353133862,-0.00308499587343
1970/01/01/07:25:13.256000,-2.26505842941,1.73469926424,-0.00312158729242
1970/01/01/07:25:13.306000,-2.27634756066,1.73410833747,-0.00317691873778
1970/01/01/07:25:13.356000,-2.28768211846,1.73354162724,-0.00325051788647
1970/01/01/07:25:13.406000,-2.29905996743,1.73299933066,-0.00334126813202
1970/01/01/07:25:13.456000,-2.31048519905,1.73248022138,-0.00344723859383
1970/01/01/07:25:13.506000,-2.32195761024,1.73198390095,-0.00356560875343
1970/01/01/07:25:13.556000,-2.33347169835,1.73150537394,-0.00369212638533
1970/01/01/07:25:13.605000,-2.34503584226,1.73104392266,-0.00382294397385
1970/01/01/07:25:13.656000,-2.35664314577,1.73059697535,-0.00395476538278
1970/01/01/07:25:13.706000,-2.36830044165,1.730164253,-0.00408402713451
1970/01/01/07:25:13.807000,-2.38000758974,1.72974422683,-0.0042086192417
1970/01/01/07:25:13.855000,-2.3917646817,1.72933311951,-0.00432586522439
1970/01/01/07:25:13.906000,-2.40356814711,1.72892876969,-0.0044347102653
1970/01/01/07:25:13.956000,-2.41564674804,1.72852406829,-0.00453496043886
1970/01/01/07:25:14.007000,-2.42784266169,1.72812547319,-0.00462692727274
1970/01/01/07:25:14.056000,-2.44008160504,1.72773348546,-0.00471123342063
1970/01/01/07:25:14.106000,-2.45236446601,1.72734756862,-0.00478861549617
1970/01/01/07:25:14.156000,-2.46469369552,1.72696793427,-0.00485989809852
1970/01/01/07:25:14.206000,-2.47705193627,1.72659469177,-0.00492580182008
1970/01/01/07:25:14.256000,-2.48944023875,1.72622797152,-0.00498707721892
1970/01/01/07:25:14.306000,-2.50185958358,1.72586813222,-0.00504432024986
1970/01/01/07:25:14.356000,-2.51430875166,1.72551261558,-0.00509802554767
1970/01/01/07:25:14.405000,-2.52678322718,1.72516391876,-0.00514858942763
1970/01/01/07:25:14.456000,-2.53928728956,1.7248224536,-0.00519634710253
1970/01/01/07:25:14.506000,-2.55181646504,1.72448600083,-0.00524155874169
1970/01/01/07:25:14.556000,-2.56437250505,1.72415703102,-0.0052844403072
1970/01/01/07:25:14.606000,-2.57695340383,1.72383343336,-0.00532517337408
1970/01/01/07:25:14.656000,-2.58956236511,1.72351733321,-0.00536391581523
1970/01/01/07:25:14.706000,-2.6021901546,1.72320655634,-0.00540078661279
1970/01/01/07:25:14.756000,-2.61483876735,1.72290149388,-0.00543589756585
1970/01/01/07:25:14.806000,-2.62750600023,1.72260430983,-0.0054693433988
1970/01/01/07:25:14.856000,-2.6401940194,1.72231283345,-0.0055012117032
1970/01/01/07:25:14.906000,-2.65290270332,1.7220271768,-0.00553157762555
1970/01/01/07:25:14.956000,-2.66563147179,1.72174744408,-0.00556051458314
1970/01/01/07:25:15.005000,-2.67831155549,1.72147335706,-0.005588088456
1970/01/01/07:25:15.056000,-2.69066354731,1.72120344317,-0.00561436143764
1970/01/01/07:25:15.106000,-2.70268733555,1.72093777754,-0.00563938902296
1970/01/01/07:25:15.156000,-2.71438281909,1.72067578338,-0.00566322896657
1970/01/01/07:25:15.206000,-2.72574580924,1.72041640276,-0.00568593234735
1970/01/01/07:25:15.256000,-2.7367972969,1.72016142495,-0.00570755062123
1970/01/01/07:25:15.306000,-2.7475408027,1.71991027889,-0.0057281291183
1970/01/01/07:25:15.356000,-2.75798503811,1.71966213333,-0.00574771777254
1970/01/01/07:25:15.406000,-2.76813872585,1.71941794187,-0.00576635621772
1970/01/01/07:25:15.456000,-2.77800898588,1.71917705508,-0.0057840907456
1970/01/01/07:25:15.506000,-2.78760434499,1.71894022282,-0.00580095850489
1970/01/01/07:25:15.556000,-2.79693213567,1.71870698968,-0.00581699961484
1970/01/01/07:25:15.606000,-2.80600068612,1.7184779041,-0.00583225167979
1970/01/01/07:25:15.656000,-2.81481638588,1.71825270407,-0.00584675098638
1970/01/01/07:25:15.706000,-2.82338712752,1.71803172756,-0.00586053040264
1970/01/01/07:25:15.756000,-2.83171956103,1.71781365743,-0.00587362477414
1970/01/01/07:25:15.806000,-2.83982022947,1.71759857795,-0.00588606803783
1970/01/01/07:25:15.856000,-2.84769567698,1.71738791226,-0.00589788647495
1970/01/01/07:25:15.906000,-2.8553525538,1.71718158927,-0.0059091121732
1970/01/01/07:25:15.956000,-2.8626034313,1.71715311802,-0.00591362198129
1970/01/01/07:25:16.006000,-2.86929965568,1.71745979182,-0.00591341069884
1970/01/01/07:25:16.056000,-2.87544641752,1.71811494734,-0.00591320138732
1970/01/01/07:25:16.107000,-2.88105381071,1.71911541736,-0.00591298571884
1970/01/01/07:25:16.156000,-2.8861667158,1.72043498442,-0.00591276347564
1970/01/01/07:25:16.206000,-2.89073941456,1.72210439164,-0.00591253478178
1970/01/01/07:25:16.256000,-2.89481340747,1.72409289782,-0.00591229998088
1970/01/01/07:25:16.356000,-2.89840291315,1.72639270481,-0.00591205940717
1970/01/01/07:25:16.405000,-2.90152384955,1.72899487782,-0.00591181333326
1970/01/01/07:25:16.456000,-2.90418834767,1.73189076163,-0.00591156208588
1970/01/01/07:25:16.506000,-2.90647891187,1.73511771898,-0.00591130591295
1970/01/01/07:25:16.556000,-2.90835035904,1.73864245287,-0.00591104515781
1970/01/01/07:25:16.606000,-2.90979348643,1.74244493693,-0.00591078013196
1970/01/01/07:25:16.656000,-2.91081792849,1.7465151536,-0.0059105110108
1970/01/01/07:25:16.706000,-2.91143380522,1.75084684428,-0.00591023879825
1970/01/01/07:25:16.756000,-2.91165219678,1.7554323992,-0.00590943869589
1970/01/01/07:25:16.806000,-2.91148717453,1.76026347051,-0.00590705149093
1970/01/01/07:25:16.856000,-2.91094633979,1.76533842694,-0.00590228821199
1970/01/01/07:25:16.906000,-2.91005706762,1.77063366283,-0.00589449246165
1970/01/01/07:25:16.956000,-2.90882035179,1.77615084064,-0.0058827685192
1970/01/01/07:25:17.007000,-2.90723950251,1.78188419915,-0.00586803147218
1970/01/01/07:25:17.056000,-2.90532977622,1.7878289957,-0.00585082228602
1970/01/01/07:25:17.106000,-2.90309021589,1.79398157995,-0.00583106450568
1970/01/01/07:25:17.156000,-2.90054043056,1.80033017279,-0.00580838080279
1970/01/01/07:25:17.206000,-2.89768438749,1.80687817066,-0.00578220830499
1970/01/01/07:25:17.256000,-2.89454034584,1.81360554253,-0.00575187063622
1970/01/01/07:25:17.306000,-2.89110919094,1.82051490832,-0.00571662966031
1970/01/01/07:25:17.356000,-2.88741014498,1.82759510684,-0.00567558662725
1970/01/01/07:25:17.406000,-2.88344384084,1.83484059843,-0.00562763044765
1970/01/01/07:25:17.456000,-2.879216902,1.84225391712,-0.00557144471481
1970/01/01/07:25:17.506000,-2.87474842728,1.84981677747,-0.00550549687784
1970/01/01/07:25:17.556000,-2.87004153536,1.85752941549,-0.00542804460209
1970/01/01/07:25:17.606000,-2.86510607093,1.86538649579,-0.00533716414504
1970/01/01/07:25:17.656000,-2.85994402744,1.87338318859,-0.00523417887077
1970/01/01/07:25:17.706000,-2.8545658269,1.88151144916,-0.00512478738607
1970/01/01/07:25:17.756000,-2.84897706772,1.88976467142,-0.00501107011736
1970/01/01/07:25:17.806000,-2.84317642999,1.89814520124,-0.00489505313254
1970/01/01/07:25:17.855000,-2.83717564314,1.90664720118,-0.00477947003713
1970/01/01/07:25:17.906000,-2.83098063823,1.91526640316,-0.00466783568448
1970/01/01/07:25:17.956000,-2.82460127814,1.92399819127,-0.00456454386302
1970/01/01/07:25:18.006000,-2.81804599247,1.93283903273,-0.00447483495528
1970/01/01/07:25:18.056000,-2.81132134908,1.94178030571,-0.00440477399317
1970/01/01/07:25:18.106000,-2.80443425282,1.95081514542,-0.00435978849279
1970/01/01/07:25:18.156000,-2.79737760997,1.95994162674,-0.00433164795605
1970/01/01/07:25:18.206000,-2.79015285114,1.96915514277,-0.00431507733072
1970/01/01/07:25:18.256000,-2.78276150718,1.97845664121,-0.00430847643765
1970/01/01/07:25:18.306000,-2.77521121384,1.98784512037,-0.00431153533276
1970/01/01/07:25:18.356000,-2.76750855635,1.99732094289,-0.0043244101545
1970/01/01/07:25:18.406000,-2.75965186353,2.00689435029,-0.00434732352605
1970/01/01/07:25:18.456000,-2.75164914341,2.01657170729,-0.00438062500406
1970/01/01/07:25:18.506000,-2.74350394458,2.02635888963,-0.00442464704302
1970/01/01/07:25:18.556000,-2.73522117185,2.03625956699,-0.00447933997914
1970/01/01/07:25:18.605000,-2.72679651539,2.04628247256,-0.00454886586191
1970/01/01/07:25:18.655000,-2.71822019015,2.05642440876,-0.00464238326247
1970/01/01/07:25:18.706000,-2.7095000102,2.06668018056,-0.00475264522034
1970/01/01/07:25:18.756000,-2.70064147855,2.07704464228,-0.00487285060493
1970/01/01/07:25:18.807000,-2.6916496738,2.08751630148,-0.00499571198711
1970/01/01/07:25:18.906000,-2.68251503136,2.09809214234,-0.00510691257797
1970/01/01/07:25:18.956000,-2.67324466754,2.10876342996,-0.00520302826614
1970/01/01/07:25:19.006000,-2.66367148567,2.11972292174,-0.00528646998214
1970/01/01/07:25:19.056000,-2.6539129536,2.13083667611,-0.00535943774584
1970/01/01/07:25:19.106000,-2.64403204253,2.14203185036,-0.00542374507191
1970/01/01/07:25:19.156000,-2.63403679643,2.15330066229,-0.00548082459998
1970/01/01/07:25:19.206000,-2.62393254297,2.1646394846,-0.00553180023521
1970/01/01/07:25:19.256000,-2.61372820212,2.17604222964,-0.00557754786546
1970/01/01/07:25:19.306000,-2.60342858024,2.18750466978,-0.00561875365112
1970/01/01/07:25:19.356000,-2.59303745738,2.19902313843,-0.0056559727972
1970/01/01/07:25:19.406000,-2.58255687154,2.21059738533,-0.0056896575592
1970/01/01/07:25:19.456000,-2.57199593665,2.22222227732,-0.00572018807903
1970/01/01/07:25:19.506000,-2.56134548066,2.23390117541,-0.00574788977092
1970/01/01/07:25:19.556000,-2.55062616038,2.24561947727,-0.00577304743954
1970/01/01/07:25:19.606000,-2.53983628792,2.25737844362,-0.00579590793145
1970/01/01/07:25:19.656000,-2.52895957382,2.26919343091,-0.00581669339814
1970/01/01/07:25:19.706000,-2.51802238546,2.28104188764,-0.00583559959434
1970/01/01/07:25:19.756000,-2.50701881936,2.29293018995,-0.00585280248331
1970/01/01/07:25:19.806000,-2.49594632925,2.30486059025,-0.00586845917816
1970/01/01/07:25:19.856000,-2.48481680491,2.31682374923,-0.00588270996391
1970/01/01/07:25:19.906000,-2.47362785321,2.32882207278,-0.00589568153356
1970/01/01/07:25:19.956000,-2.46237965289,2.34085539701,-0.00590748569474
1970/01/01/07:25:20.006000,-2.45107528377,2.35292150875,-0.0059182220918
1970/01/01/07:25:20.056000,-2.43971258357,2.36502395007,-0.00592797890931
1970/01/01/07:25:20.106000,-2.42829487596,2.37715986912,-0.00593683584252
1970/01/01/07:25:20.156000,-2.41682377595,2.38932822763,-0.00594486476882
1970/01/01/07:25:20.206000,-2.40529939186,2.40153037664,-0.0059521310236
1970/01/01/07:25:20.256000,-2.39372328391,2.41376281186,-0.00595869262853
1970/01/01/07:25:20.306000,-2.38209575212,2.42602663648,-0.00596460470669
1970/01/01/07:25:20.356000,-2.37041836568,2.43832334114,-0.00596991705751
1970/01/01/07:25:20.406000,-2.35869256899,2.45065002739,-0.00597467674915
1970/01/01/07:25:20.456000,-2.34691916083,2.46300690292,-0.00597892693494
1970/01/01/07:25:20.506000,-2.33509700483,2.47539679241,-0.00598270742111
1970/01/01/07:25:20.555000,-2.32322863922,2.48781451898,-0.0059860553813
1970/01/01/07:25:20.606000,-2.3113211092,2.50025476212,-0.00598900488303
1970/01/01/07:25:20.656000,-2.29937130142,2.51272274339,-0.00599159126116
1970/01/01/07:25:20.706000,-2.28738048591,2.52521676387,-0.00599384500367
1970/01/01/07:25:20.756000,-2.27534802256,2.53773895291,-0.00599579153863
1970/01/01/07:25:20.806000,-2.2632772199,2.55028604779,-0.00599745645581
1970/01/01/07:25:20.856000,-2.25117282166,2.56285336851,-0.00599886608009
1970/01/01/07:25:20.906000,-2.23903359257,2.57544214644,-0.00600004026716
1970/01/01/07:25:20.956000,-2.22685559569,2.58805493567,-0.00600099941318
1970/01/01/07:25:21.006000,-2.2146438347,2.60068694527,-0.00600176286999
1970/01/01/07:25:21.056000,-2.20240394036,2.61333667677,-0.00600235023239
1970/01/01/07:25:21.106000,-2.19012928331,2.62601000717,-0.00600277608453
1970/01/01/07:25:21.156000,-2.17782292427,2.63870326838,-0.00600305716017
1970/01/01/07:25:21.206000,-2.1654924023,2.65141164886,-0.00600320681775
1970/01/01/07:25:21.256000,-2.15313158172,2.66413893015,-0.00600323728117
1970/01/01/07:25:21.306000,-2.14074602632,2.67687942626,-0.00600316009306
1970/01/01/07:25:21.356000,-2.12833597264,2.68963377894,-0.00600299134224
1970/01/01/07:25:21.456000,-2.11590074392,2.70240446231,-0.00600273935722
1970/01/01/07:25:21.506000,-2.10343752233,2.71519505734,-0.00600241305879
1970/01/01/07:25:21.556000,-2.09095253553,2.7279975288,-0.00600202109684
1970/01/01/07:25:21.606000,-2.07820334319,2.74106041946,-0.00600157090506
1970/01/01/07:25:21.656000,-2.06535580215,2.75421115852,-0.00600106913152
1970/01/01/07:25:21.706000,-2.05248009801,2.76738088621,-0.00600052498686
1970/01/01/07:25:21.755000,-2.03958572233,2.78055922983,-0.00599994393237
1970/01/01/07:25:21.806000,-2.02667738246,2.79374317863,-0.00599933125765
1970/01/01/07:25:21.857000,-2.01375530044,2.80693282243,-0.00599868973284
1970/01/01/07:25:21.906000,-2.0008222341,2.82012572559,-0.0059980219762
1970/01/01/07:25:21.956000,-1.98788068902,2.83332155815,-0.00599733405302
1970/01/01/07:25:22.006000,-1.97492858527,2.84652266989,-0.00599662786435
1970/01/01/07:25:22.056000,-1.96195809352,2.85973183467,-0.00599590438278
1970/01/01/07:25:22.106000,-1.94898659449,2.87293673675,-0.00599516975462
1970/01/01/07:25:22.156000,-1.93600496759,2.88614415307,-0.00599442471738
1970/01/01/07:25:22.206000,-1.92300962466,2.89936191169,-0.00599367111641
1970/01/01/07:25:22.256000,-1.91000897924,2.91257508209,-0.00599291167
1970/01/01/07:25:22.306000,-1.89700269922,2.92579111528,-0.0059921445848
1970/01/01/07:25:22.356000,-1.883988441,2.93900946716,-0.00599137796126
1970/01/01/07:25:22.406000,-1.87096606046,2.9522259346,-0.00599060773907
1970/01/01/07:25:22.456000,-1.8579360448,2.96544499105,-0.00598983719878
1970/01/01/07:25:22.506000,-1.84489791258,2.97866682548,-0.00598906483877
1970/01/01/07:25:22.556000,-1.83185195549,2.99189123814,-0.00598829577047
1970/01/01/07:25:22.606000,-1.81879755651,3.00511929457,-0.00598752192845
1970/01/01/07:25:22.656000,-1.80573469811,3.01835263978,-0.00598674825251
1970/01/01/07:25:22.705000,-1.7926706094,3.03158165798,-0.00598597942855
1970/01/01/07:25:22.756000,-1.77959931982,3.0448111511,-0.00598520751159
1970/01/01/07:25:22.807000,-1.76652260965,3.05804273507,-0.00598442475296
1970/01/01/07:25:22.856000,-1.7534399738,3.07127504328,-0.00598362588005
1970/01/01/07:25:22.906000,-1.74035036291,3.08450983383,-0.00598281153716
1970/01/01/07:25:22.956000,-1.72725647027,3.09774710658,-0.00598196664289
1970/01/01/07:25:23.006000,-1.71415937928,3.11098587896,-0.00598109658575
1970/01/01/07:25:23.056000,-1.70105646485,3.12422421525,-0.00598019995328
1970/01/01/07:25:23.106000,-1.68794747812,3.13746285456,-0.00597927229174
1970/01/01/07:25:23.156000,-1.67483410983,3.15070226863,-0.00597830545111
1970/01/01/07:25:23.206000,-1.66171660723,3.16394166735,-0.00597729082653
1970/01/01/07:25:23.256000,-1.64859415395,3.17718448978,-0.00597621784734
1970/01/01/07:25:23.306000,-1.63546904014,3.1904277807,-0.00597507188514
1970/01/01/07:25:23.356000,-1.62265056055,3.20351612673,-0.00597383609194
1970/01/01/07:25:23.406000,-1.6105363792,3.21625505551,-0.00597248969805
1970/01/01/07:25:23.456000,-1.59911382048,3.22865048083,-0.00597100652271
1970/01/01/07:25:23.506000,-1.58837949911,3.24070435407,-0.00596935526135
1970/01/01/07:25:23.556000,-1.57832205859,3.25242123479,-0.0059674980209
1970/01/01/07:25:23.606000,-1.5689236112,3.26380945922,-0.00596538907861
1970/01/01/07:25:23.656000,-1.56016551703,3.27487839816,-0.00596297465839
1970/01/01/07:25:23.706000,-1.5520304577,3.28563572339,-0.00596019202632
1970/01/01/07:25:23.756000,-1.54450287238,3.29608787118,-0.00595697008956
1970/01/01/07:25:23.806000,-1.53756682172,3.30624107068,-0.00595323144636
1970/01/01/07:25:23.856000,-1.53119814739,3.31610836558,-0.00594889914821
1970/01/01/07:25:23.956000,-1.52539624856,3.32568510369,-0.00595369411565
1970/01/01/07:25:24.006000,-1.52011836563,3.33498687186,-0.00597428486144
1970/01/01/07:25:24.056000,-1.51536143258,3.34401751601,-0.00600768829383
1970/01/01/07:25:24.106000,-1.51109062663,3.35279598662,-0.00605155191675
1970/01/01/07:25:24.156000,-1.50720635768,3.36150787486,-0.00610335658608
1970/01/01/07:25:24.206000,-1.50376365593,3.37003146989,-0.00616292513672
1970/01/01/07:25:24.256000,-1.50078808161,3.37831870645,-0.00622976943495
1970/01/01/07:25:24.306000,-1.49826757827,3.38637652321,-0.00630317637501
1970/01/01/07:25:24.356000,-1.49619123215,3.39420892837,-0.00638261676897
1970/01/01/07:25:24.406000,-1.49454254653,3.40182136127,-0.00646475061149
1970/01/01/07:25:24.456000,-1.49330580148,3.40921956465,-0.00654589632136
1970/01/01/07:25:24.506000,-1.49247009061,3.41640921552,-0.0066244555468
1970/01/01/07:25:24.556000,-1.49202511969,3.42339820198,-0.00669942083643
1970/01/01/07:25:24.606000,-1.49196060836,3.43019216715,-0.00676987948965
1970/01/01/07:25:24.656000,-1.4922772776,3.43679275899,-0.00683486300224
1970/01/01/07:25:24.706000,-1.49293710094,3.44321226773,-0.00689360723787
1970/01/01/07:25:24.756000,-1.49395923162,3.44944533083,-0.00694543897902
1970/01/01/07:25:24.806000,-1.49530269461,3.45551021828,-0.00698970196212
1970/01/01/07:25:24.856000,-1.49698751915,3.46139865664,-0.00702586731544
1970/01/01/07:25:24.906000,-1.49898689256,3.46712482958,-0.0070532986392
1970/01/01/07:25:24.956000,-1.50130073477,3.47268689155,-0.00707146997854
1970/01/01/07:25:25.006000,-1.50391164384,3.47809308718,-0.00707979261562
1970/01/01/07:25:25.056000,-1.50681553045,3.48334498405,-0.00707769381282
1970/01/01/07:25:25.106000,-1.51000960892,3.4884440525,-0.00706451012484
1970/01/01/07:25:25.156000,-1.51347385115,3.49339827969,-0.00703950053265
1970/01/01/07:25:25.206000,-1.51720794321,3.49820968498,-0.00700185673141
1970/01/01/07:25:25.258000,-1.52119455677,3.50288754486,-0.00695090767412
1970/01/01/07:25:25.306000,-1.52545217322,3.50742371293,-0.00688183631443
1970/01/01/07:25:25.356000,-1.52996943715,3.51182554366,-0.00679140796937
1970/01/01/07:25:25.406000,-1.53473034405,3.51609694837,-0.00668114628918
1970/01/01/07:25:25.456000,-1.53973366493,3.5202408913,-0.00655213147705
1970/01/01/07:25:25.506000,-1.54497165538,3.52426157821,-0.00640534199168
1970/01/01/07:25:25.556000,-1.5504324697,3.52816190692,-0.00624186182738
1970/01/01/07:25:25.606000,-1.55611794951,3.53194760392,-0.00606327681862
1970/01/01/07:25:25.656000,-1.56202406073,3.53562452755,-0.00587239756829
1970/01/01/07:25:25.706000,-1.56813047936,3.53920214012,-0.00567270324934
1970/01/01/07:25:25.756000,-1.57444064263,3.54268599248,-0.00546710734311
1970/01/01/07:25:25.806000,-1.58094735434,3.5460811148,-0.00525845578412
1970/01/01/07:25:25.856000,-1.58764386048,3.54939055141,-0.00504943431305
1970/01/01/07:25:25.906000,-1.59452433139,3.55261885419,-0.00484258048518
1970/01/01/07:25:25.956000,-1.60158460817,3.55577057967,-0.00464027836814
1970/01/01/07:25:26.006000,-1.60881919348,3.55885021458,-0.00444478571921
1970/01/01/07:25:26.056000,-1.61622264115,3.56186216186,-0.00425818984178
1970/01/01/07:25:26.106000,-1.6237904612,3.56480925805,-0.00408394846781
1970/01/01/07:25:26.156000,-1.63153133885,3.56769219654,-0.00393272831284
1970/01/01/07:25:26.206000,-1.63944091346,3.57050977625,-0.00380270344493
1970/01/01/07:25:26.256000,-1.64751149028,3.57326190807,-0.00368953265702
1970/01/01/07:25:26.306000,-1.65573841485,3.57594772091,-0.00359015540537
1970/01/01/07:25:26.356000,-1.66412081387,3.57856742476,-0.00350230431771
1970/01/01/07:25:26.406000,-1.67264483163,3.58112078906,-0.00342424777939
1970/01/01/07:25:26.456000,-1.68130577642,3.583610377,-0.00335462993223
1970/01/01/07:25:26.556000,-1.6901009238,3.58603531979,-0.00329236410421
1970/01/01/07:25:26.606000,-1.69902425853,3.58839784419,-0.00323656017108
1970/01/01/07:25:26.656000,-1.70807175697,3.59069886672,-0.00318647458176
1970/01/01/07:25:26.706000,-1.71741166208,3.59298716393,-0.0031414756825
1970/01/01/07:25:26.756000,-1.72692412804,3.59523014226,-0.00310101937263
1970/01/01/07:25:26.806000,-1.73655388748,3.59741280533,-0.00306463174172
1970/01/01/07:25:26.856000,-1.74629995441,3.59953685429,-0.00303189644217
1970/01/01/07:25:26.906000,-1.75614902026,3.60160237511,-0.00300244529823
1970/01/01/07:25:26.956000,-1.76609578796,3.60361119143,-0.00297595115119
1970/01/01/07:25:27.006000,-1.77613722792,3.60556335041,-0.00295212227472
1970/01/01/07:25:27.056000,-1.78627261588,3.60746080443,-0.00293069791062
1970/01/01/07:25:27.106000,-1.79649923091,3.60930350204,-0.00291144459492
1970/01/01/07:25:27.156000,-1.80681165059,3.61109347911,-0.00289415324164
1970/01/01/07:25:27.206000,-1.81721075612,3.61282958559,-0.00287863603639
1970/01/01/07:25:27.256000,-1.82768785531,3.61451593769,-0.00286472532288
1970/01/01/07:25:27.306000,-1.83824295931,3.616152916,-0.00285226919191
1970/01/01/07:25:27.356000,-1.84887400416,3.6177411625,-0.00284113269652
1970/01/01/07:25:27.407000,-1.85957791967,3.61928277037,-0.00283119647092
1970/01/01/07:25:27.456000,-1.87035181932,3.62077730489,-0.00282235346398
1970/01/01/07:25:27.506000,-1.88119476338,3.62222484174,-0.0028145092494
1970/01/01/07:25:27.556000,-1.89210159778,3.62362933012,-0.00280757866721
1970/01/01/07:25:27.606000,-1.90307118618,3.62498839164,-0.00280148517602
1970/01/01/07:25:27.656000,-1.91410024465,3.62630354155,-0.00279615992556
1970/01/01/07:25:27.707000,-1.9251876165,3.62757798874,-0.00279153972683
1970/01/01/07:25:27.756000,-1.93633154763,3.62881067973,-0.00278756609836
1970/01/01/07:25:27.806000,-1.94752963709,3.63000186625,-0.00278418392783
1970/01/01/07:25:27.856000,-1.95878218176,3.63115275432,-0.00278133959939
1970/01/01/07:25:27.906000,-1.97008601105,3.6322646357,-0.00277897957157
1970/01/01/07:25:27.956000,-1.98143866535,3.63334004546,-0.00277704575668
1970/01/01/07:25:28.005000,-1.99283984017,3.63437853208,-0.00277547785571
1970/01/01/07:25:28.055000,-2.0042905621,3.63538118911,-0.0027742114701
1970/01/01/07:25:28.106000,-2.01578293926,3.63635101672,-0.00277317783749
1970/01/01/07:25:28.156000,-2.02732171148,3.63728926855,-0.00277230467442
1970/01/01/07:25:28.206000,-2.03890458398,3.63819554657,-0.00277151861013
1970/01/01/07:25:28.255000,-2.05053107486,3.6390712682,-0.00277074846072
1970/01/01/07:25:28.306000,-2.06219951601,3.63991860749,-0.00276992786953
1970/01/01/07:25:28.356000,-2.07391185298,3.64073856705,-0.0027690005486
1970/01/01/07:25:28.408000,-2.08566381135,3.64153111513,-0.00276792269214
1970/01/01/07:25:28.456000,-2.09745049098,3.64229756392,-0.00276654503541
1970/01/01/07:25:28.506000,-2.10927463187,3.64303929879,-0.00276481574179
1970/01/01/07:25:28.556000,-2.12113506961,3.64375646392,-0.00276274258448
1970/01/01/07:25:28.606000,-2.13303762825,3.64444918222,-0.00276054459659
1970/01/01/07:25:28.656000,-2.14497852903,3.64511912773,-0.00275822954145
1970/01/01/07:25:28.706000,-2.15694803292,3.64576776385,-0.00275588412233
1970/01/01/07:25:28.756000,-2.16895101815,3.6463978783,-0.00275359081667
1970/01/01/07:25:28.806000,-2.180997299,3.64701152545,-0.00275145460129
1970/01/01/07:25:28.855000,-2.19307799038,3.64760884993,-0.00274959038551
1970/01/01/07:25:28.906000,-2.2051901406,3.64819269464,-0.00274797467224
1970/01/01/07:25:28.956000,-2.21733926445,3.64876497266,-0.00274664114829
1970/01/01/07:25:29.057000,-2.22952392868,3.64932691068,-0.00274558418146
1970/01/01/07:25:29.106000,-2.24174440542,3.64987793421,-0.00274471109045
1970/01/01/07:25:29.156000,-2.2540008367,3.6504189401,-0.00274399836435
1970/01/01/07:25:29.206000,-2.26629275361,3.65095171039,-0.00274341806451
1970/01/01/07:25:29.256000,-2.27885630865,3.6514879316,-0.00274294217546
1970/01/01/07:25:29.306000,-2.29152727083,3.65201803383,-0.00274254252159
1970/01/01/07:25:29.356000,-2.30423026732,3.65254013501,-0.00274219563546
1970/01/01/07:25:29.406000,-2.31696461611,3.65305254514,-0.00274188216353
1970/01/01/07:25:29.456000,-2.3297215777,3.65355675457,-0.00274158636534
1970/01/01/07:25:29.506000,-2.342501315,3.65405297505,-0.00274129564062
1970/01/01/07:25:29.556000,-2.35530177517,3.65454099204,-0.00274100179419
1970/01/01/07:25:29.606000,-2.3681201398,3.65501832162,-0.00274069957762
1970/01/01/07:25:29.656000,-2.3809582621,3.6554868357,-0.00274038554102
1970/01/01/07:25:29.706000,-2.3938186137,3.65594660928,-0.00274005777388
1970/01/01/07:25:29.756000,-2.40669140954,3.65639988645,-0.00273971550877
1970/01/01/07:25:29.806000,-2.41958590643,3.65684388856,-0.00273935869718
1970/01/01/07:25:29.856000,-2.43248731964,3.65727859747,-0.00273898835609
1970/01/01/07:25:29.906000,-2.44541227413,3.65770658305,-0.00273860577729
1970/01/01/07:25:29.956000,-2.45834366227,3.65812478256,-0.00273821245141
1970/01/01/07:25:30.006000,-2.47132206064,3.65853539313,-0.00273781001619
1970/01/01/07:25:30.056000,-2.48458632532,3.65893726722,-0.00273740015562
1970/01/01/07:25:30.106000,-2.49755764269,3.65933076454,-0.00273698446092
1970/01/01/07:25:30.156000,-2.51053947042,3.65971657711,-0.00273656445773
1970/01/01/07:25:30.206000,-2.52353167938,3.66009456395,-0.00273614164336
1970/01/01/07:25:30.256000,-2.53653277925,3.66046498855,-0.00273571729221
1970/01/01/07:25:30.306000,-2.54953819786,3.66082691243,-0.00273529266847
1970/01/01/07:25:30.356000,-2.56255566993,3.66118064295,-0.00273486887217
1970/01/01/07:25:30.406000,-2.57558302744,3.66152605374,-0.00273444677593
1970/01/01/07:25:30.456000,-2.58862016224,3.66186368986,-0.00273402731298
1970/01/01/07:25:30.506000,-2.60166556836,3.66219469527,-0.00273361114574
1970/01/01/07:25:30.556000,-2.61472135069,3.66251782418,-0.00273319888997
1970/01/01/07:25:30.606000,-2.62779246338,3.66283385078,-0.0027327910632
1970/01/01/07:25:30.656000,-2.64086176925,3.6631420878,-0.00273238810554
1970/01/01/07:25:30.706000,-2.65393867816,3.66344402881,-0.00273199031585
1970/01/01/07:25:30.756000,-2.66702386403,3.66373959449,-0.00273159802036
1970/01/01/07:25:30.805000,-2.68011560345,3.66402870307,-0.00273121138679
1970/01/01/07:25:30.856000,-2.69321382402,3.66431128719,-0.00273083059544
1970/01/01/07:25:30.906000,-2.70631855454,3.66458712531,-0.00273045570507
1970/01/01/07:25:30.956000,-2.71942953175,3.664856453,-0.00273008680431
1970/01/01/07:25:31.006000,-2.7325467954,3.66511906215,-0.00272972388364
1970/01/01/07:25:31.056000,-2.74567278854,3.66537490228,-0.00272936693879
1970/01/01/07:25:31.106000,-2.75880495938,3.66562390867,-0.00272901591079
1970/01/01/07:25:31.156000,-2.7719407488,3.66586737156,-0.00272867072978
1970/01/01/07:25:31.206000,-2.78507981082,3.66610494415,-0.00272833129692
1970/01/01/07:25:31.256000,-2.79822259642,3.66633713112,-0.00272799749893
1970/01/01/07:25:31.306000,-2.81137586251,3.6665634077,-0.00272766921435
1970/01/01/07:25:31.356000,-2.82453666885,3.66678417432,-0.00272734630776
1970/01/01/07:25:31.406000,-2.83769757395,3.66700041963,-0.00272702861119
1970/01/01/07:25:31.455000,-2.85085984256,3.66721046213,-0.00272671598595
1970/01/01/07:25:31.506000,-2.86402703624,3.6674150256,-0.00272640826021
1970/01/01/07:25:31.606000,-2.87719652239,3.66761496893,-0.00272610530301
1970/01/01/07:25:31.656000,-2.89036831994,3.66781036075,-0.00272580691855
1970/01/01/07:25:31.705000,-2.90354514478,3.66800098299,-0.00272551293703
1970/01/01/07:25:31.756000,-2.91697656034,3.66819138664,-0.00272522324074
1970/01/01/07:25:31.806000,-2.93050270224,3.66837860652,-0.00272493761746
1970/01/01/07:25:31.856000,-2.94402769561,3.66856105582,-0.00272465590213
1970/01/01/07:25:31.906000,-2.95755611139,3.66873872326,-0.00272437794669
1970/01/01/07:25:31.956000,-2.97107963227,3.6689115639,-0.00272410359495
1970/01/01/07:25:32.006000,-2.98460428698,3.66907967259,-0.00272383268108
1970/01/01/07:25:32.056000,-2.99811900572,3.66924289937,-0.00272356506904
1970/01/01/07:25:32.106000,-3.01162530905,3.66940338242,-0.00272330061297
1970/01/01/07:25:32.156000,-3.02512643932,3.66955925982,-0.00272303916856
1970/01/01/07:25:32.206000,-3.03862267833,3.66971021505,-0.00272278059184
1970/01/01/07:25:32.257000,-3.05211410573,3.66985868571,-0.00272252476696
1970/01/01/07:25:32.307000,-3.06559805975,3.6700022962,-0.00272227155411
1970/01/01/07:25:32.357000,-3.07907697956,3.67014093849,-0.00272202082268
1970/01/01/07:25:32.406000,-3.09255084208,3.67027700262,-0.00272177247125
1970/01/01/07:25:32.456000,-3.10602004354,3.67040822305,-0.00272152636411
1970/01/01/07:25:32.506000,-3.11949116343,3.67053705343,-0.0027212824006
1970/01/01/07:25:32.556000,-3.13295009071,3.67066325193,-0.00272103832956
1970/01/01/07:25:32.606000,-3.14640401403,3.67078467652,-0.00272079231675
1970/01/01/07:25:32.655000,-3.1598538275,3.67090366216,-0.00272055232743
1970/01/01/07:25:32.706000,-3.17330431811,3.67101986386,-0.00272031249964
1970/01/01/07:25:32.756000,-3.18674363099,3.67113144958,-0.00272006756547
1970/01/01/07:25:32.806000,-3.20017999946,3.67124052207,-0.00271982774164
1970/01/01/07:25:32.856000,-3.21361186832,3.67134718566,-0.00271957607255
1970/01/01/07:25:32.906000,-3.2270412262,3.67145133134,-0.00271932176024
1970/01/01/07:25:32.956000,-3.24046751792,3.67155299943,-0.00271906440429
1970/01/01/07:25:33.006000,-3.25388873784,3.6716521816,-0.00271879757447
1970/01/01/07:25:33.056000,-3.26730558417,3.67174819133,-0.00271850927446
1970/01/01/07:25:33.106000,-3.28071919974,3.67183985324,-0.00271821476025
1970/01/01/07:25:33.156000,-3.29412852333,3.6719290172,-0.00271790683998
1970/01/01/07:25:33.205000,-3.30753529837,3.67201652301,-0.00271759623395
1970/01/01/07:25:33.256000,-3.32093961748,3.67210320353,-0.00271729190234
1970/01/01/07:25:33.306000,-3.33434142716,3.67218737064,-0.00271697943934
1970/01/01/07:25:33.356000,-3.34773962744,3.67226895142,-0.00271667015716
1970/01/01/07:25:33.406000,-3.36113386319,3.67234804746,-0.00271635910207
1970/01/01/07:25:33.456000,-3.37452557674,3.67242458585,-0.00271606413457
1970/01/01/07:25:33.506000,-3.38791476419,3.67249860036,-0.00271575491052
1970/01/01/07:25:33.556000,-3.4013014709,3.6725712865,-0.00271543032545
1970/01/01/07:25:33.606000,-3.41468809486,3.67264274602,-0.00271513541213
1970/01/01/07:25:33.656000,-3.4280721817,3.67271166338,-0.00271483471499
1970/01/01/07:25:33.706000,-3.44144988125,3.67277800723,-0.00271454008607
1970/01/01/07:25:33.756000,-3.45482383679,3.67284318279,-0.00271424999107
1970/01/01/07:25:33.806000,-3.46819519334,3.67290690284,-0.00271395648595
1970/01/01/07:25:33.855000,-3.48156410495,3.67296814169,-0.00271367708038
1970/01/01/07:25:33.906000,-3.49493196584,3.67302833617,-0.00271338173545
1970/01/01/07:25:33.956000,-3.50830147096,3.67308698057,-0.00271308171116
1970/01/01/07:25:34.006000,-3.52167026911,3.67314303736,-0.00271275680474
1970/01/01/07:25:34.056000,-3.53503315663,3.67319827982,-0.00271241580959
1970/01/01/07:25:34.106000,-3.54839183645,3.67325182035,-0.00271209384075
1970/01/01/07:25:34.206000,-3.5617479045,3.67330452646,-0.00271177833676
1970/01/01/07:25:34.256000,-3.5751032551,3.6733554586,-0.00271142248284
1970/01/01/07:25:34.307000,-3.58845674263,3.67340383337,-0.0027110462129
1970/01/01/07:25:34.356000,-3.60206896314,3.67345227902,-0.00271067257694
1970/01/01/07:25:34.406000,-3.61576100601,3.67350097633,-0.00271028783646
1970/01/01/07:25:34.456000,-3.62944898255,3.67354766149,-0.0027098807307
1970/01/01/07:25:34.506000,-3.6431338824,3.67359386305,-0.00270946866794
1970/01/01/07:25:34.556000,-3.6565267332,3.67335318228,-0.00270936064621
1970/01/01/07:25:34.606000,-3.66956474391,3.67276568811,-0.00270931079382
1970/01/01/07:25:34.655000,-3.68224976042,3.67183141485,-0.00270926392249
1970/01/01/07:25:34.706000,-3.69457983979,3.67054805916,-0.00270922000965
1970/01/01/07:25:34.756000,-3.70656171122,3.66892239197,-0.00270917893722
1970/01/01/07:25:34.806000,-3.71820329282,3.66696717972,-0.0027091406397
1970/01/01/07:25:34.856000,-3.72951743076,3.66468346633,-0.00270910489925
1970/01/01/07:25:34.906000,-3.74050980809,3.66209376057,-0.0027090715494
1970/01/01/07:25:34.956000,-3.7511792599,3.65918756589,-0.0027090404556
1970/01/01/07:25:35.006000,-3.76154837798,3.65598444009,-0.00270901148591
1970/01/01/07:25:35.056000,-3.77163606508,3.65250103881,-0.00270898448761
1970/01/01/07:25:35.106000,-3.78143363235,3.64873448564,-0.00270895939819
1970/01/01/07:25:35.157000,-3.79095472397,3.64470457375,-0.00270893604805
1970/01/01/07:25:35.206000,-3.80020933776,3.64041223028,-0.00270891436934
1970/01/01/07:25:35.256000,-3.80920309738,3.63586541708,-0.00270889419868
1970/01/01/07:25:35.306000,-3.81793875213,3.63106569305,-0.00270887551559
1970/01/01/07:25:35.355000,-3.82643207277,3.62602365171,-0.00270885817178
1970/01/01/07:25:35.407000,-3.83468782322,3.6207510588,-0.00270884215775
1970/01/01/07:25:35.456000,-3.84271183485,3.61525532915,-0.00270882731561
1970/01/01/07:25:35.506000,-3.85050720588,3.60953767201,-0.00270881362283
1970/01/01/07:25:35.556000,-3.85808769743,3.60361097336,-0.00270880097451
1970/01/01/07:25:35.606000,-3.86545506083,3.5974751892,-0.00270878933743
1970/01/01/07:25:35.656000,-3.87261647609,3.59113829042,-0.00270877862617
1970/01/01/07:25:35.706000,-3.87957343384,3.5846029308,-0.0027087688109
1970/01/01/07:25:35.757000,-3.88633880736,3.57788004285,-0.00270875981282
1970/01/01/07:25:35.806000,-3.89291498292,3.57097303661,-0.00270875159468
1970/01/01/07:25:35.856000,-3.89930799184,3.56388872994,-0.00270874409337
1970/01/01/07:25:35.906000,-3.90552248003,3.55662913477,-0.00270873728046
1970/01/01/07:25:35.956000,-3.91156757411,3.54920277419,-0.00270873115272
1970/01/01/07:25:36.006000,-3.91744042729,3.54160854052,-0.00270872559685
1970/01/01/07:25:36.056000,-3.92314652415,3.53385195052,-0.00270872061238
1970/01/01/07:25:36.106000,-3.92869614343,3.52594073216,-0.00270871614276
1970/01/01/07:25:36.156000,-3.93409132658,3.51787799266,-0.00270871221435
1970/01/01/07:25:36.206000,-3.93933740299,3.50967184445,-0.00270870870064
1970/01/01/07:25:36.256000,-3.94443701195,3.50132499753,-0.00270870566474
1970/01/01/07:25:36.306000,-3.94939419935,3.49283996082,-0.00270870299264
1970/01/01/07:25:36.356000,-3.95421425403,3.48421964726,-0.00270870073708
1970/01/01/07:25:36.406000,-3.95890096139,3.47546936753,-0.00270869884195
1970/01/01/07:25:36.456000,-3.96345945833,3.46659528837,-0.00270869718654
1970/01/01/07:25:36.506000,-3.96788899846,3.45759525754,-0.00270869586402
1970/01/01/07:25:36.556000,-3.97219571368,3.44847599025,-0.00270869482894
1970/01/01/07:25:36.606000,-3.97638224402,3.43924109603,-0.00270869407257
1970/01/01/07:25:36.706000,-3.98045298108,3.42989323479,-0.00270869360834
1970/01/01/07:25:36.756000,-3.9844092766,3.4204329624,-0.0027086933549
1970/01/01/07:25:36.806000,-3.98825805544,3.41086899854,-0.00270869334308
1970/01/01/07:25:36.856000,-3.99207817862,3.4010309034,-0.00270869352193
1970/01/01/07:25:36.906000,-3.99581881597,3.39102149108,-0.00270869391099
1970/01/01/07:25:36.956000,-3.99945907998,3.38090980637,-0.00270869461304
1970/01/01/07:25:37.006000,-4.00299430876,3.37070033023,-0.00270869538327
1970/01/01/07:25:37.056000,-4.00643244376,3.36039713931,-0.00270869632446
1970/01/01/07:25:37.106000,-4.00977416767,3.3500060855,-0.00270869738535
1970/01/01/07:25:37.156000,-4.01301990148,3.33953777343,-0.00270869853426
1970/01/01/07:25:37.206000,-4.0161741588,3.32898931302,-0.00270869977693
1970/01/01/07:25:37.256000,-4.01923992294,3.31836230961,-0.00270870111572
1970/01/01/07:25:37.306000,-4.02221748975,3.30766176593,-0.00270870254184
1970/01/01/07:25:37.356000,-4.02511165422,3.29688819383,-0.00270870406888
1970/01/01/07:25:37.406000,-4.02792281581,3.28604159429,-0.00270870567723
1970/01/01/07:25:37.456000,-4.0306559747,3.27512448569,-0.00270870732542
1970/01/01/07:25:37.506000,-4.03330986466,3.26413826073,-0.00270870904568
1970/01/01/07:25:37.556000,-4.03588862897,3.25308672828,-0.00270871081167
1970/01/01/07:25:37.606000,-4.03839477587,3.24196814787,-0.00270871266576
1970/01/01/07:25:37.656000,-4.04082867356,3.23079437061,-0.00270871455753
1970/01/01/07:25:37.706000,-4.04319384427,3.21955945423,-0.00270871650126
1970/01/01/07:25:37.756000,-4.04549317148,3.20826511189,-0.00270871849432
1970/01/01/07:25:37.806000,-4.04772801835,3.19690804043,-0.00270872048461
1970/01/01/07:25:37.856000,-4.04990059828,3.18550280305,-0.00270872246531
1970/01/01/07:25:37.906000,-4.05201137837,3.17404324591,-0.00270872442677
1970/01/01/07:25:37.956000,-4.05406300595,3.16253102784,-0.0027087265193
1970/01/01/07:25:38.006000,-4.05605757124,3.15096680764,-0.00270872852273
1970/01/01/07:25:38.056000,-4.05799565609,3.13935783233,-0.00270873046539
1970/01/01/07:25:38.106000,-4.05987927819,3.12769800749,-0.0027087323328
1970/01/01/07:25:38.156000,-4.06170911346,3.11599693763,-0.00270873420485
1970/01/01/07:25:38.205000,-4.06348782554,3.10424967607,-0.00270873602288
1970/01/01/07:25:38.256000,-4.06521725448,3.09245888006,-0.00270873777549
1970/01/01/07:25:38.306000,-4.06689825095,3.08062635167,-0.00270873949261
1970/01/01/07:25:38.356000,-4.0685325542,3.0687538998,-0.00270874126134
1970/01/01/07:25:38.406000,-4.07012111076,3.05684302451,-0.00270874340178
1970/01/01/07:25:38.456000,-4.07166557782,3.04489242738,-0.00270874563218
1970/01/01/07:25:38.506000,-4.0731669954,3.03290426256,-0.00270874793431
1970/01/01/07:25:38.556000,-4.07462691173,3.02087918639,-0.00270875026488
1970/01/01/07:25:38.606000,-4.07604532331,3.00881904815,-0.00270875269704
1970/01/01/07:25:38.656000,-4.07742342556,2.99672359744,-0.0027087551482
1970/01/01/07:25:38.706000,-4.07876386451,2.98459549357,-0.0027087576312
1970/01/01/07:25:38.756000,-4.08006798935,2.97243609115,-0.00270876006813
1970/01/01/07:25:38.806000,-4.0813357993,2.96024538978,-0.00270876258432
1970/01/01/07:25:38.856000,-4.08256729444,2.94802338913,-0.00270876514322
1970/01/01/07:25:38.906000,-4.08376392303,2.9357715455,-0.00270876775476
1970/01/01/07:25:38.956000,-4.08492833488,2.92349101336,-0.00270877033267
1970/01/01/07:25:39.006000,-4.08605951409,2.91138794192,-0.00270877289926
1970/01/01/07:25:39.056000,-4.08715763538,2.89960198069,-0.0027087754541
1970/01/01/07:25:39.106000,-4.08822534478,2.88813478713,-0.00270877795791
1970/01/01/07:25:39.156000,-4.08926189383,2.87698391022,-0.00270878062292
1970/01/01/07:25:39.206000,-4.09026871832,2.86613640414,-0.00270878325436
1970/01/01/07:25:39.306000,-4.09124736186,2.8555961248,-0.00270878588857
1970/01/01/07:25:39.356000,-4.09219736478,2.84534736604,-0.00270878851638
1970/01/01/07:25:39.406000,-4.09311989816,2.8353833327,-0.00270879119188
1970/01/01/07:25:39.456000,-4.09403574004,2.82549013128,-0.00270879381251
1970/01/01/07:25:39.505000,-4.09493301788,2.81580687927,-0.00270879653121
1970/01/01/07:25:39.556000,-4.09580411992,2.8063924605,-0.00270879934072
1970/01/01/07:25:39.606000,-4.0966506142,2.79723737365,-0.00270880224615
1970/01/01/07:25:39.656000,-4.09747301539,2.78833962333,-0.00270880520277
1970/01/01/07:25:39.706000,-4.09827132646,2.7796948095,-0.00270880810091
1970/01/01/07:25:39.756000,-4.09904557669,2.77129537947,-0.00270881114567
1970/01/01/07:25:39.806000,-4.09979530972,2.76314028529,-0.00270881424155
1970/01/01/07:25:39.855000,-4.10052383421,2.75521268271,-0.00270881739896
1970/01/01/07:25:39.906000,-4.10123094926,2.74750922241,-0.0027088206175
1970/01/01/07:25:39.956000,-4.10191876109,2.74002860978,-0.00270882398643
1970/01/01/07:25:40.006000,-4.1025856531,2.73275714417,-0.00270882721579
1970/01/01/07:25:40.056000,-4.10323337826,2.72569502767,-0.00270883057092
1970/01/01/07:25:40.106000,-4.1038623621,2.7188328602,-0.00270883404072
1970/01/01/07:25:40.156000,-4.10447261958,2.71216519077,-0.00270883760005
1970/01/01/07:25:40.206000,-4.10506406181,2.70568802095,-0.00270884117528
1970/01/01/07:25:40.256000,-4.10563946819,2.69939135985,-0.00270884475061
1970/01/01/07:25:40.306000,-4.10619649202,2.69327314602,-0.00270884839389
1970/01/01/07:25:40.356000,-4.10673745436,2.68732614205,-0.00270885207862
1970/01/01/07:25:40.406000,-4.10726275495,2.68154729618,-0.00270885583289
1970/01/01/07:25:40.456000,-4.10777416896,2.67593131169,-0.00270885955561
1970/01/01/07:25:40.506000,-4.10826979138,2.67047638394,-0.00270886338556
1970/01/01/07:25:40.556000,-4.10875170891,2.66517332015,-0.00270886726618
1970/01/01/07:25:40.606000,-4.10921822321,2.66001981508,-0.00270887123394
1970/01/01/07:25:40.656000,-4.10967134147,2.65501057298,-0.00270887524677
1970/01/01/07:25:40.706000,-4.11011108013,2.6501409937,-0.00270887927278
1970/01/01/07:25:40.756000,-4.11053820221,2.64540843056,-0.00270888330595
1970/01/01/07:25:40.806000,-4.11095376023,2.64080943582,-0.00270888746079
1970/01/01/07:25:40.856000,-4.11135681869,2.63633955918,-0.00270889164384
1970/01/01/07:25:40.906000,-4.11174935007,2.63199290318,-0.00270889586802
1970/01/01/07:25:40.956000,-4.11212999365,2.62776981448,-0.00270890008226
1970/01/01/07:25:41.006000,-4.11249810661,2.623667542,-0.00270890441233
1970/01/01/07:25:41.056000,-4.11285676439,2.61967789405,-0.00270890879812
1970/01/01/07:25:41.106000,-4.11320642875,2.61579682306,-0.00270891319426
1970/01/01/07:25:41.156000,-4.11354519337,2.61202587326,-0.00270891761238
1970/01/01/07:25:41.206000,-4.11387327678,2.60836029533,-0.00270892210933
1970/01/01/07:25:41.255000,-4.11419193272,2.60479744197,-0.00270892667265
1970/01/01/07:25:41.306000,-4.11450251327,2.60133466624,-0.00270893126076
1970/01/01/07:25:41.356000,-4.11480368383,2.59796796223,-0.00270893588956
1970/01/01/07:25:41.407000,-4.11509560149,2.59469483372,-0.00270894062228
1970/01/01/07:25:41.456000,-4.11537947171,2.59151383433,-0.00270894536897
1970/01/01/07:25:41.506000,-4.11565530572,2.58842081209,-0.00270895013102
1970/01/01/07:25:41.556000,-4.11592295503,2.58541521665,-0.00270895498195
1970/01/01/07:25:41.606000,-4.11618257852,2.58249374977,-0.00270895987762
1970/01/01/07:25:41.656000,-4.11643433756,2.57965221449,-0.00270896479181
1970/01/01/07:25:41.706000,-4.11667977917,2.57688955992,-0.00270896978596
1970/01/01/07:25:41.756000,-4.11691806368,2.57420313619,-0.00270897483489
1970/01/01/07:25:41.856000,-4.11715015319,2.57159029639,-0.00270897992656
1970/01/01/07:25:41.906000,-4.11737498994,2.56905023649,-0.00270898507098
1970/01/01/07:25:41.956000,-4.11759767125,2.56652977038,-0.00270899026972
1970/01/01/07:25:42.006000,-4.11781631425,2.56406194491,-0.00270899550405
1970/01/01/07:25:42.056000,-4.11802757539,2.56166229906,-0.00270900080403
1970/01/01/07:25:42.106000,-4.11823290416,2.55932818789,-0.00270900614105
1970/01/01/07:25:42.156000,-4.11843285459,2.5570611614,-0.00270901154691
1970/01/01/07:25:42.206000,-4.118627429,2.55485741827,-0.0027090169784
1970/01/01/07:25:42.256000,-4.11881663809,2.55271605861,-0.00270902248175
1970/01/01/07:25:42.306000,-4.11900048374,2.55063708747,-0.00270902801158
1970/01/01/07:25:42.357000,-4.11917896764,2.54861589961,-0.00270903358878
1970/01/01/07:25:42.406000,-4.11935210102,2.54665189978,-0.00270903920974
1970/01/01/07:25:42.455000,-4.11951987387,2.54474508286,-0.00270904488749
1970/01/01/07:25:42.506000,-4.11968230337,2.542893001,-0.00270905063182
1970/01/01/07:25:42.556000,-4.1198393854,2.54109300677,-0.00270905640676
1970/01/01/07:25:42.606000,-4.11999108618,2.53934344675,-0.00270906221863
1970/01/01/07:25:42.656000,-4.12013994392,2.5376456812,-0.00270906811664
1970/01/01/07:25:42.706000,-4.12028357747,2.53599559695,-0.0027090740379
1970/01/01/07:25:42.756000,-4.12042453884,2.53438960682,-0.00270908002534
1970/01/01/07:25:42.806000,-4.12056022437,2.53283195341,-0.00270908604373
1970/01/01/07:25:42.856000,-4.12069288884,2.53131819,-0.00270909211466
1970/01/01/07:25:42.906000,-4.12082059516,2.52984601356,-0.00270909821786
1970/01/01/07:25:42.957000,-4.12094508269,2.52841622908,-0.00270910439125
1970/01/01/07:25:43.005000,-4.12106480722,2.52702678143,-0.00270911058903
1970/01/01/07:25:43.056000,-4.12118178072,2.5256770747,-0.00270911686336
1970/01/01/07:25:43.106000,-4.12129604703,2.52436576291,-0.00270912317684
1970/01/01/07:25:43.156000,-4.12140696377,2.52309084168,-0.00270912954438
1970/01/01/07:25:43.206000,-4.12151333904,2.5218509568,-0.00270913595253
1970/01/01/07:25:43.256000,-4.1216170195,2.52064486242,-0.00270914241018
1970/01/01/07:25:43.306000,-4.12171826683,2.51946931346,-0.00270914891642
1970/01/01/07:25:43.356000,-4.12181657219,2.51833000799,-0.00270915546582
1970/01/01/07:25:43.406000,-4.12191218759,2.5172227431,-0.00270916206819
1970/01/01/07:25:43.456000,-4.12200506614,2.51614801868,-0.00270916870734
1970/01/01/07:25:43.506000,-4.12209532065,2.51510228756,-0.00270917538711
1970/01/01/07:25:43.556000,-4.12218289025,2.51408674886,-0.00270918209705
1970/01/01/07:25:43.606000,-4.12226777929,2.51309980425,-0.00270918883614
1970/01/01/07:25:43.655000,-4.122349996,2.51214035228,-0.0027091956034
1970/01/01/07:25:43.706000,-4.12242954615,2.51120689086,-0.00270920237671
1970/01/01/07:25:43.756000,-4.12250637138,2.51029992283,-0.00270920915513
1970/01/01/07:25:43.806000,-4.12258063171,2.50941794885,-0.00270921593283
1970/01/01/07:25:43.856000,-4.12265347886,2.50856117013,-0.00270922268823
1970/01/01/07:25:43.906000,-4.12272491116,2.50772778815,-0.00270922943422
1970/01/01/07:25:43.956000,-4.12279367702,2.5069177995,-0.00270923616812
1970/01/01/07:25:44.006000,-4.12285972921,2.506130152,-0.00270924288223
1970/01/01/07:25:44.056000,-4.1229246711,2.50536440055,-0.00270924956349
1970/01/01/07:25:44.106000,-4.1229879586,2.50462089304,-0.0027092562143
1970/01/01/07:25:44.156000,-4.12304864238,2.50389777931,-0.00270926282122
1970/01/01/07:25:44.206000,-4.12310832439,2.50319346386,-0.00270926938766
1970/01/01/07:25:44.256000,-4.12316624972,2.50250939167,-0.00270927592292
1970/01/01/07:25:44.306000,-4.12322327265,2.50184436585,-0.0027092824095
1970/01/01/07:25:44.407000,-4.12327845289,2.50119753475,-0.00270928885313
1970/01/01/07:25:44.456000,-4.12333098435,2.5005688962,-0.00270929525152
1970/01/01/07:25:44.506000,-4.12338276502,2.49995880526,-0.00270930158477
1970/01/01/07:25:44.556000,-4.12343453472,2.49935291408,-0.00270930787315
1970/01/01/07:25:44.606000,-4.12348421876,2.49875931905,-0.0027093141003
1970/01/01/07:25:44.657000,-4.12353336108,2.49818102002,-0.00270932027716
1970/01/01/07:25:44.706000,-4.12358035875,2.49761831642,-0.00270932640817
1970/01/01/07:25:44.756000,-4.12362686395,2.4970712138,-0.00270933246612
1970/01/01/07:25:44.805000,-4.12367113484,2.49653970234,-0.0027093384771
1970/01/01/07:25:44.856000,-4.12371501508,2.49602379137,-0.0027093444255
1970/01/01/07:25:44.906000,-4.12375655043,2.495523471,-0.00270935032363
1970/01/01/07:25:44.956000,-4.12379780004,2.49503639855,-0.0027093561729
1970/01/01/07:25:45.006000,-4.12383665601,2.49456442187,-0.00270936199935
1970/01/01/07:25:45.056000,-4.12387527577,2.49410589385,-0.00270936781389
1970/01/01/07:25:45.106000,-4.12391136934,2.49366035805,-0.00270937363286
1970/01/01/07:25:45.156000,-4.12394737781,2.49322802703,-0.00270937945406
1970/01/01/07:25:45.206000,-4.12398325818,2.49280619124,-0.00270938527132
1970/01/01/07:25:45.255000,-4.12401665091,2.4923971979,-0.00270939109095
1970/01/01/07:25:45.306000,-4.12405001543,2.49199880595,-0.00270939691587
1970/01/01/07:25:45.356000,-4.12408304499,2.49161336237,-0.00270940274116
1970/01/01/07:25:45.405000,-4.12411379439,2.49123811427,-0.00270940857521
1970/01/01/07:25:45.456000,-4.12414416571,2.49087326602,-0.00270941441975
1970/01/01/07:25:45.506000,-4.12417230646,2.49051880821,-0.00270942028253
1970/01/01/07:25:45.556000,-4.12420041964,2.49017475204,-0.00270942616401
1970/01/01/07:25:45.606000,-4.12422850662,2.48984059683,-0.00270943206414
1970/01/01/07:25:45.656000,-4.1242559731,2.48951498886,-0.00270943798295
1970/01/01/07:25:45.706000,-4.12428147086,2.48919897648,-0.00270944393786
1970/01/01/07:25:45.756000,-4.12430694638,2.48889141311,-0.0027094499241
1970/01/01/07:25:45.806000,-4.12433169533,2.48859354856,-0.00270945594627
1970/01/01/07:25:45.856000,-4.12435457129,2.48830347717,-0.00270946201295
1970/01/01/07:25:45.906000,-4.12437742682,2.48802120585,-0.00270946812731
1970/01/01/07:25:45.957000,-4.1244002615,2.48774688681,-0.00270947428767
1970/01/01/07:25:46.006000,-4.12442212445,2.48748036335,-0.00270948049858
1970/01/01/07:25:46.057000,-4.12444236519,2.48722148606,-0.00270948677154
1970/01/01/07:25:46.106000,-4.12446258553,2.48697041075,-0.00270949310319
1970/01/01/07:25:46.156000,-4.12448278829,2.48672608469,-0.00270949949498
1970/01/01/07:25:46.206000,-4.12450297469,2.48648805832,-0.00270950594941
1970/01/01/07:25:46.256000,-4.12452199771,2.4862566782,-0.00270951246704
1970/01/01/07:25:46.306000,-4.12453960887,2.48603169397,-0.00270951906198
1970/01/01/07:25:46.356000,-4.12455720302,2.48581325919,-0.00270952572725
1970/01/01/07:25:46.406000,-4.12457478382,2.48560002528,-0.00270953246642
1970/01/01/07:25:46.456000,-4.12459234759,2.4853933408,-0.00270953927538
1970/01/01/07:25:46.506000,-4.12460849283,2.48519305214,-0.00270954616021
1970/01/01/07:25:46.556000,-4.12462347288,2.48499806128,-0.00270955313036
1970/01/01/07:25:46.606000,-4.12463843986,2.48480817128,-0.00270956018499
1970/01/01/07:25:46.656000,-4.12465339348,2.48462348211,-0.0027095673188
1970/01/01/07:25:46.706000,-4.12466833374,2.4844439938,-0.00270957453772
1970/01/01/07:25:46.756000,-4.12468326065,2.48426970239,-0.00270958183775
1970/01/01/07:25:46.806000,-4.12469647187,2.48410060508,-0.00270958922309
1970/01/01/07:25:46.856000,-4.12470881858,2.48393670636,-0.00270959670393
1970/01/01/07:25:46.956000,-4.12472115668,2.48377626042,-0.0027096042728
1970/01/01/07:25:47.006000,-4.12473348361,2.48362021162,-0.0027096119302
1970/01/01/07:25:47.056000,-4.12474579718,2.48346936198,-0.00270961967602
1970/01/01/07:25:47.107000,-4.12475810795,2.48331981256,-0.00270962751266
1970/01/01/07:25:47.156000,-4.12477041385,2.48317231589,-0.00270963543418
1970/01/01/07:25:47.206000,-4.12478270772,2.48302952055,-0.00270964344226
1970/01/01/07:25:47.256000,-4.12479499416,2.48288972316,-0.00270965153572
1970/01/01/07:25:47.306000,-4.12480511549,2.48275467018,-0.00270965972061
1970/01/01/07:25:47.356000,-4.12481482886,2.48262261401,-0.00270966800186
1970/01/01/07:25:47.406000,-4.12482452981,2.48249540819,-0.00270967637639
1970/01/01/07:25:47.456000,-4.1248342236,2.48237110556,-0.00270968484075
1970/01/01/07:25:47.506000,-4.12484391106,2.4822494008,-0.00270969339654
1970/01/01/07:25:47.556000,-4.12485358569,2.48213269656,-0.00270970204395
1970/01/01/07:25:47.606000,-4.12486325356,2.48201873977,-0.00270971078442
1970/01/01/07:25:47.656000,-4.12487291507,2.4819073862,-0.002709719619
1970/01/01/07:25:47.706000,-4.12488251333,2.48180123325,-0.00270972854507
1970/01/01/07:25:47.756000,-4.12488961388,2.48169762091,-0.00270973757269
1970/01/01/07:25:47.806000,-4.12489670796,2.48159665617,-0.00270974670033
1970/01/01/07:25:47.856000,-4.12490379568,2.48149829441,-0.00270975592507
1970/01/01/07:25:47.906000,-4.12491087706,2.48140253051,-0.0027097652452
1970/01/01/07:25:47.956000,-4.12491795206,2.48130936934,-0.00270977465776
1970/01/01/07:25:48.006000,-4.12492502071,2.48121880627,-0.00270978416208
1970/01/01/07:25:48.056000,-4.12493208297,2.48113084568,-0.0027097937542
1970/01/01/07:25:48.106000,-4.12493913872,2.4810455323,-0.00270980343214
1970/01/01/07:25:48.156000,-4.12494618824,2.48096276742,-0.00270981319299
1970/01/01/07:25:48.206000,-4.12495323137,2.4808826047,-0.00270982303221
1970/01/01/07:25:48.256000,-4.12496026811,2.48080504067,-0.00270983294464
1970/01/01/07:25:48.305000,-4.12496730022,2.4807294292,-0.00270984292535
1970/01/01/07:25:48.356000,-4.12497363014,2.48065451507,-0.00270985297297
1970/01/01/07:25:48.406000,-4.12497810117,2.48058219507,-0.00270986309593
1970/01/01/07:25:48.456000,-4.12498256586,2.48051247665,-0.00270987328327
1970/01/01/07:25:48.506000,-4.1249870265,2.48044450641,-0.00270988353278
1970/01/01/07:25:48.556000,-4.1249914854,2.4803774352,-0.00270989384199
1970/01/01/07:25:48.606000,-4.12499593794,2.48031296354,-0.00270990420838
1970/01/01/07:25:48.656000,-4.12500038411,2.48025109297,-0.00270991462939
1970/01/01/07:25:48.706000,-4.12500482674,2.48019077076,-0.00270992510264
1970/01/01/07:25:48.756000,-4.12500926706,2.48013154999,-0.00270993562578
1970/01/01/07:25:48.806000,-4.12501370407,2.48007378115,-0.00270994619964
1970/01/01/07:25:48.856000,-4.12501813845,2.48001721102,-0.00270995682655
1970/01/01/07:25:48.906000,-4.1250225664,2.47996324116,-0.00270996750829
1970/01/01/07:25:48.958000,-4.1250269914,2.479910573,-0.00270997824368
1970/01/01/07:25:49.006000,-4.12503141334,2.47985925339,-0.00270998903113
1970/01/01/07:25:49.056000,-4.12503583261,2.47980913247,-0.00270999986985
